#Coord Suppliers
# 	1	247.8590		212.4444	
# 	2	130.9071		153.2483	
# 	3	401.8261		268.8879	
# 	4	 56.5134		 62.1729	
# 	5	 23.1602		132.2430	
# 	6	 13.4443		137.0500	
# 	7	292.1148		 83.5462	
# 	8	304.3147		177.2589	
#Coord Manufacturers
# 	1	 10.7918		167.6562	
# 	2	116.6636		124.5304	
# 	3	127.5863		207.9414	
#Coord Warehouse
# 	1	198.2042		 47.0603	
# 	2	245.0921		234.0944	
# 	3	137.8636		 66.5874	
# 	4	174.5871		280.9151	
# 	5	439.1979		201.7151	
#Coord Hybrids
# 	1	406.2754		253.7253	
# 	2	170.0973		 27.6651	
# 	3	294.0349		167.3522	
# 	4	162.7041		 67.5163	
# 	5	182.9340		140.6821	
#Coord Retailers
# 	1	121.1560		 87.5378	
# 	2	205.9589		258.1602	
# 	3	263.8138		 85.0464	
# 	4	125.0899		136.3866	
# 	5	 92.4347		 60.4136	
# 	6	231.3158		 26.1688	
# 	7	217.6135		108.6529	
# 	8	318.4590		224.0239	
# 	9	310.9918		206.7541	
# 	10	168.1201		200.4404	
# 	11	152.9319		171.8382	
# 	12	146.6132		133.5435	
# 	13	 27.6880		 72.8026	
# 	14	437.2212		 69.1753	
# 	15	311.1649		195.1431	
#Coord Urban center
# 	1	325.7726		142.5266	
# 	2	268.4987		 20.0908	
# 	3	 32.6530		 59.6928	
# 	4	 68.3374		 30.0313	
# 	5	 58.1822		165.9833	
# 	6	 84.5167		285.6304	

#Parameters

param I:=	4;	#Raw material
param S:=	8;	#Supplier
param M:=	3;	#Manufacturer
param H:=	5;	#Hybrid
param W:=	5;	#Warehouse
param C:=	15;	#Retailer
param P:=	3;	#Products
param T:=	5;	#Time period
param TV:=	2;	#Type of vehicle
param SZ:=	3;	#Size of vehicle
param UC:=	6;	#Urban centers

param CI_im:	1	2	3	:=	#Inventory holding cost/unit of raw material i at manufacturer m
1	3	3	3	 
2	3	3	3	 
3	3	3	3	 
4	3	3	3	 
; 
param CI_pw:	1	2	3	4	5	:=	#Inventory holding cost/unit of product p at depot w
1	3	3	3	3	3	 
2	3	3	3	3	3	 
3	3	3	3	3	3	 
;
param CP_pm:	1	2	3	:=	#Production cost of product p at manufacturer m
1	106.8161	105.4102	107.0718	 
2	102.6389	109.2673	108.3919	 
3	107.2632	104.8024	108.4210	 
;
param CT_ism:=	#Cost of raw material i per unit from supplier s to manufacturer m
[1,*,*]:1	2	3	:=
1	1436.1881	1415.0814	1478.4938	
2	1408.4164	1341.4851	1388.2112	
3	1299.0951	1298.0181	1431.4174	
4	1446.2341	1493.0245	1462.7428	
5	1385.8986	1272.4478	1372.2183	
6	1481.9841	1446.9045	1371.2736	
7	1363.8198	1304.4965	1294.3033	
8	1268.4059	1473.0983	1410.0442	
[2,*,*]:1	2	3	:=
1	1285.8331	1353.5317	1262.2772	
2	1302.3434	1432.6770	1412.7806	
3	1369.7446	1318.6951	1413.0558	
4	1489.1124	1358.8801	1267.5331	
5	1264.4329	1270.7178	1489.9268	
6	1385.1902	1459.3656	1292.5084	
7	1315.0863	1422.9944	1473.8926	
8	1335.1721	1266.1683	1466.0299	
[3,*,*]:1	2	3	:=
1	1322.7181	1435.2706	1289.5084	
2	1423.7408	1460.3549	1431.7880	
3	1339.7769	1431.6725	1284.8668	
4	1328.4548	1354.8956	1469.3030	
5	1288.4351	1470.0312	1449.7411	
6	1492.9061	1341.9258	1301.2350	
7	1310.1426	1456.9657	1491.3070	
8	1424.7025	1370.6243	1321.7625	
[4,*,*]:1	2	3	:=
1	1458.4220	1468.0449	1273.0330	
2	1303.9873	1457.9403	1462.0759	
3	1328.6632	1319.8236	1357.7037	
4	1384.8616	1273.8917	1459.2280	
5	1383.6837	1443.7419	1307.7091	
6	1491.3234	1437.7568	1335.7734	
7	1487.1320	1425.1279	1460.1403	
8	1261.3743	1263.9104	1435.6843	
;
param CT_wc:=	#Cost of transportation/unit weight from depot w to retailer c1 (Matrix of the cost CTij)
[1,*,*]:1	2	3	4	5	6	7	8	9	10	11	12	13	14	15	:=
1	7574.8462	44623.2734	5747.5645	13324.8867	11365.4980	1532.8337	4170.3628	45777.3125	38223.1719	24430.5156	17619.0840	10140.9678	29738.4219	57618.2109	34688.6211	
2	36838.9727	2110.5652	22565.8301	23947.3359	53469.3047	43422.8477	16490.6562	5484.1221	5090.2700	7057.2793	12369.3379	19808.5664	73279.5625	64111.9336	5882.8267	
3	718.0656	41337.1055	16204.1934	5035.1055	2101.9023	10366.9688	8129.5547	57400.9531	49620.1094	18832.1016	11304.7832	4559.6836	12177.2852	89621.6719	46559.9102	
4	40249.6445	1501.9780	46325.9766	23338.4512	55369.9297	68113.8203	31525.5527	23935.7422	24106.1055	6517.9922	12366.7275	22500.9180	64890.1328	113810.4375	26010.3418	
5	114187.1250	57586.5000	44371.1875	102931.6875	140210.8750	74031.5000	57760.2461	15075.5752	16462.2012	73484.8438	82840.8828	90253.1875	185958.8281	17570.7168	16435.6543	
[2,*,*]:1	2	3	4	5	6	7	8	9	10	11	12	13	14	15	:=
1	7574.8462	44623.2734	5747.5645	13324.8867	11365.4980	1532.8337	4170.3628	45777.3125	38223.1719	24430.5156	17619.0840	10140.9678	29738.4219	57618.2109	34688.6211	
2	36838.9727	2110.5652	22565.8301	23947.3359	53469.3047	43422.8477	16490.6562	5484.1221	5090.2700	7057.2793	12369.3379	19808.5664	73279.5625	64111.9336	5882.8267	
3	718.0656	41337.1055	16204.1934	5035.1055	2101.9023	10366.9688	8129.5547	57400.9531	49620.1094	18832.1016	11304.7832	4559.6836	12177.2852	89621.6719	46559.9102	
4	40249.6445	1501.9780	46325.9766	23338.4512	55369.9297	68113.8203	31525.5527	23935.7422	24106.1055	6517.9922	12366.7275	22500.9180	64890.1328	113810.4375	26010.3418	
5	114187.1250	57586.5000	44371.1875	102931.6875	140210.8750	74031.5000	57760.2461	15075.5752	16462.2012	73484.8438	82840.8828	90253.1875	185958.8281	17570.7168	16435.6543	
[3,*,*]:1	2	3	4	5	6	7	8	9	10	11	12	13	14	15	:=
1	7574.8462	44623.2734	5747.5645	13324.8867	11365.4980	1532.8337	4170.3628	45777.3125	38223.1719	24430.5156	17619.0840	10140.9678	29738.4219	57618.2109	34688.6211	
2	36838.9727	2110.5652	22565.8301	23947.3359	53469.3047	43422.8477	16490.6562	5484.1221	5090.2700	7057.2793	12369.3379	19808.5664	73279.5625	64111.9336	5882.8267	
3	718.0656	41337.1055	16204.1934	5035.1055	2101.9023	10366.9688	8129.5547	57400.9531	49620.1094	18832.1016	11304.7832	4559.6836	12177.2852	89621.6719	46559.9102	
4	40249.6445	1501.9780	46325.9766	23338.4512	55369.9297	68113.8203	31525.5527	23935.7422	24106.1055	6517.9922	12366.7275	22500.9180	64890.1328	113810.4375	26010.3418	
5	114187.1250	57586.5000	44371.1875	102931.6875	140210.8750	74031.5000	57760.2461	15075.5752	16462.2012	73484.8438	82840.8828	90253.1875	185958.8281	17570.7168	16435.6543	
;
param DEM_pct:=	#Demand of product 1 at retailer c at time period t
[1,*,*]:	1	2	3	4	5	:=
1	461.0000	503.0000	431.0000	596.0000	501.0000	 
2	566.0000	415.0000	496.0000	412.0000	577.0000	 
3	489.0000	414.0000	415.0000	508.0000	415.0000	 
4	437.0000	487.0000	500.0000	517.0000	524.0000	 
5	475.0000	524.0000	431.0000	455.0000	560.0000	 
6	431.0000	445.0000	449.0000	496.0000	400.0000	 
7	406.0000	492.0000	433.0000	536.0000	559.0000	 
8	516.0000	539.0000	478.0000	409.0000	488.0000	 
9	474.0000	519.0000	427.0000	446.0000	563.0000	 
10	453.0000	482.0000	587.0000	455.0000	429.0000	 
11	540.0000	513.0000	522.0000	408.0000	483.0000	 
12	401.0000	449.0000	541.0000	412.0000	459.0000	 
13	598.0000	594.0000	496.0000	547.0000	527.0000	 
14	493.0000	571.0000	435.0000	566.0000	408.0000	 
15	573.0000	535.0000	489.0000	534.0000	492.0000	 
[2,*,*]:	1	2	3	4	5	:=
1	556.0000	423.0000	502.0000	574.0000	586.0000	 
2	444.0000	450.0000	581.0000	469.0000	411.0000	 
3	543.0000	483.0000	547.0000	495.0000	500.0000	 
4	484.0000	458.0000	580.0000	534.0000	558.0000	 
5	579.0000	450.0000	584.0000	573.0000	501.0000	 
6	514.0000	423.0000	552.0000	435.0000	507.0000	 
7	425.0000	415.0000	522.0000	498.0000	535.0000	 
8	558.0000	597.0000	417.0000	526.0000	515.0000	 
9	530.0000	509.0000	511.0000	574.0000	490.0000	 
10	507.0000	538.0000	418.0000	486.0000	420.0000	 
11	428.0000	400.0000	442.0000	443.0000	503.0000	 
12	514.0000	565.0000	497.0000	578.0000	479.0000	 
13	549.0000	511.0000	525.0000	454.0000	588.0000	 
14	554.0000	429.0000	507.0000	599.0000	410.0000	 
15	461.0000	548.0000	408.0000	549.0000	515.0000	 
[3,*,*]:	1	2	3	4	5	:=
1	546.0000	510.0000	588.0000	469.0000	515.0000	 
2	410.0000	511.0000	484.0000	597.0000	589.0000	 
3	428.0000	408.0000	424.0000	439.0000	545.0000	 
4	509.0000	507.0000	493.0000	401.0000	478.0000	 
5	600.0000	564.0000	515.0000	439.0000	584.0000	 
6	485.0000	524.0000	441.0000	466.0000	469.0000	 
7	479.0000	404.0000	532.0000	434.0000	521.0000	 
8	524.0000	540.0000	458.0000	458.0000	551.0000	 
9	478.0000	430.0000	581.0000	403.0000	577.0000	 
10	458.0000	476.0000	596.0000	487.0000	543.0000	 
11	482.0000	583.0000	544.0000	496.0000	417.0000	 
12	473.0000	498.0000	457.0000	507.0000	442.0000	 
13	499.0000	506.0000	535.0000	549.0000	546.0000	 
14	485.0000	491.0000	575.0000	473.0000	548.0000	 
15	599.0000	585.0000	510.0000	461.0000	524.0000	 
;
param FCW_w:=	#Fixed operating cost for depot w
1	10737.2070
2	10107.8496
3	9365.9062
4	9821.7061
5	8327.1631
;
param OFF_ip:	1	2	3	:=	#Off take of raw material i for product p
1	0.50	0.50	0.50	
2	0.50	0.50	0.50	
3	0.50	0.50	0.50	
4	0.50	0.50	0.50	
;
param PS_m:=	#Storage capacity at manufacturer m
1	44313.0000
2	36115.0000
3	65325.0000
;
param PS_w:=	#Storage capacity at depot w
1	81719.0000
2	36806.0000
3	29585.0000
4	69518.0000
5	47834.0000
;
param PS_h:=	#Storage capacity in hybrid facility h
1	56336.0000
2	31420.0000
3	37956.0000
4	66950.0000
5	61893.0000
;
param W_p:=	#Weight of product p
1	1.00
2	1.00
3	1.00
;
param B_p:=	#Disposal rate of product p (rand [0,1])
1	  0.0400
2	  0.0400
3	  0.0400
;
param CI_ph:	1	2	3	4	5	:=	#Inventory holding cost per unit of product p at hybrid facility h
1	3	3	3	3	3	 
2	3	3	3	3	3	 
3	3	3	3	3	3	 
;
param CT_mw:=	#Cost of transportation/unit weight from manufacturer m to depot w
[1,*,*]:1	2	3	4	5	:=
1	49666.7500	59310.6211	26362.1465	39656.4453	184691.7812	 
2	12650.4688	28498.1523	3806.8306	27811.3125	109985.8828	 
3	30869.5938	14491.5869	20086.5820	7534.2378	97140.5781	 
[2,*,*]:1	2	3	4	5	:=
1	49666.7500	59310.6211	26362.1465	39656.4453	184691.7812	 
2	12650.4688	28498.1523	3806.8306	27811.3125	109985.8828	 
3	30869.5938	14491.5869	20086.5820	7534.2378	97140.5781	 
[3,*,*]:1	2	3	4	5	:=
1	49666.7500	59310.6211	26362.1465	39656.4453	184691.7812	 
2	12650.4688	28498.1523	3806.8306	27811.3125	109985.8828	 
3	30869.5938	14491.5869	20086.5820	7534.2378	97140.5781	 
;
param CT_hc:=	#Cost of transportation/unit weight from hybrid facility h, to retailer c
[1,*,*]:1	2	3	4	5	6	7	8	9	10	11	12	13	14	15	:=
1	108911.2969	40146.3594	48747.8594	92833.6328	135865.3750	82392.7969	56639.2969	8593.8877	11285.2383	59557.2188	70888.4062	81868.0781	176061.3750	35016.3438	12477.8740	 
2	5979.9961	54414.0234	12075.3896	13846.0400	7103.9541	3749.9368	8816.8047	60567.9492	51924.1406	29855.2305	21080.5215	11761.7422	22317.8066	73078.2578	47948.9297	 
3	36257.4570	16003.4668	7687.5723	29501.2949	52078.5312	23866.4512	9285.8496	3808.2090	1840.0465	16949.3809	19930.1836	22876.1836	79880.2891	30141.0273	1065.7664	 
4	2127.1060	38216.0312	10530.4678	6157.9478	4988.2471	6417.1753	4707.2510	48754.1719	41376.3984	17698.1484	10978.5342	4618.5044	18257.2969	75362.3672	38329.1758	 
5	6640.8262	14331.2441	9636.8848	3364.3892	14633.1504	15454.0889	2228.5410	25312.8867	20764.3320	3790.5134	1870.8241	1370.1553	28708.9238	69775.2188	19409.1680	 
[2,*,*]:1	2	3	4	5	6	7	8	9	10	11	12	13	14	15	:=
1	108911.2969	40146.3594	48747.8594	92833.6328	135865.3750	82392.7969	56639.2969	8593.8877	11285.2383	59557.2188	70888.4062	81868.0781	176061.3750	35016.3438	12477.8740	 
2	5979.9961	54414.0234	12075.3896	13846.0400	7103.9541	3749.9368	8816.8047	60567.9492	51924.1406	29855.2305	21080.5215	11761.7422	22317.8066	73078.2578	47948.9297	 
3	36257.4570	16003.4668	7687.5723	29501.2949	52078.5312	23866.4512	9285.8496	3808.2090	1840.0465	16949.3809	19930.1836	22876.1836	79880.2891	30141.0273	1065.7664	 
4	2127.1060	38216.0312	10530.4678	6157.9478	4988.2471	6417.1753	4707.2510	48754.1719	41376.3984	17698.1484	10978.5342	4618.5044	18257.2969	75362.3672	38329.1758	 
5	6640.8262	14331.2441	9636.8848	3364.3892	14633.1504	15454.0889	2228.5410	25312.8867	20764.3320	3790.5134	1870.8241	1370.1553	28708.9238	69775.2188	19409.1680	 
[3,*,*]:1	2	3	4	5	6	7	8	9	10	11	12	13	14	15	:=
1	108911.2969	40146.3594	48747.8594	92833.6328	135865.3750	82392.7969	56639.2969	8593.8877	11285.2383	59557.2188	70888.4062	81868.0781	176061.3750	35016.3438	12477.8740	 
2	5979.9961	54414.0234	12075.3896	13846.0400	7103.9541	3749.9368	8816.8047	60567.9492	51924.1406	29855.2305	21080.5215	11761.7422	22317.8066	73078.2578	47948.9297	 
3	36257.4570	16003.4668	7687.5723	29501.2949	52078.5312	23866.4512	9285.8496	3808.2090	1840.0465	16949.3809	19930.1836	22876.1836	79880.2891	30141.0273	1065.7664	 
4	2127.1060	38216.0312	10530.4678	6157.9478	4988.2471	6417.1753	4707.2510	48754.1719	41376.3984	17698.1484	10978.5342	4618.5044	18257.2969	75362.3672	38329.1758	 
5	6640.8262	14331.2441	9636.8848	3364.3892	14633.1504	15454.0889	2228.5410	25312.8867	20764.3320	3790.5134	1870.8241	1370.1553	28708.9238	69775.2188	19409.1680	 
;
param CT_ch:=	#Cost of transportation/unit weight from retailer c to hybrid facility h
[1,*,*]:1	2	3	4	5	:=
1	108911.2969	5979.9961	36257.4570	2127.1060	6640.8262	 
2	40146.3594	54414.0234	16003.4668	38216.0312	14331.2441	 
3	48747.8594	12075.3896	7687.5723	10530.4678	9636.8848	 
4	92833.6328	13846.0400	29501.2949	6157.9478	3364.3892	 
5	135865.3750	7103.9541	52078.5312	4988.2471	14633.1504	 
6	82392.7969	3749.9368	23866.4512	6417.1753	15454.0889	 
7	56639.2969	8816.8047	9285.8496	4707.2510	2228.5410	 
8	8593.8877	60567.9492	3808.2090	48754.1719	25312.8867	 
9	11285.2383	51924.1406	1840.0465	41376.3984	20764.3320	 
10	59557.2188	29855.2305	16949.3809	17698.1484	3790.5134	 
11	70888.4062	21080.5215	19930.1836	10978.5342	1870.8241	 
12	81868.0781	11761.7422	22876.1836	4618.5044	1370.1553	 
13	176061.3750	22317.8066	79880.2891	18257.2969	28708.9238	 
14	35016.3438	73078.2578	30141.0273	75362.3672	69775.2188	 
15	12477.8740	47948.9297	1065.7664	38329.1758	19409.1680	 
[2,*,*]:1	2	3	4	5	:=
1	108911.2969	5979.9961	36257.4570	2127.1060	6640.8262	 
2	40146.3594	54414.0234	16003.4668	38216.0312	14331.2441	 
3	48747.8594	12075.3896	7687.5723	10530.4678	9636.8848	 
4	92833.6328	13846.0400	29501.2949	6157.9478	3364.3892	 
5	135865.3750	7103.9541	52078.5312	4988.2471	14633.1504	 
6	82392.7969	3749.9368	23866.4512	6417.1753	15454.0889	 
7	56639.2969	8816.8047	9285.8496	4707.2510	2228.5410	 
8	8593.8877	60567.9492	3808.2090	48754.1719	25312.8867	 
9	11285.2383	51924.1406	1840.0465	41376.3984	20764.3320	 
10	59557.2188	29855.2305	16949.3809	17698.1484	3790.5134	 
11	70888.4062	21080.5215	19930.1836	10978.5342	1870.8241	 
12	81868.0781	11761.7422	22876.1836	4618.5044	1370.1553	 
13	176061.3750	22317.8066	79880.2891	18257.2969	28708.9238	 
14	35016.3438	73078.2578	30141.0273	75362.3672	69775.2188	 
15	12477.8740	47948.9297	1065.7664	38329.1758	19409.1680	 
[3,*,*]:1	2	3	4	5	:=
1	108911.2969	5979.9961	36257.4570	2127.1060	6640.8262	 
2	40146.3594	54414.0234	16003.4668	38216.0312	14331.2441	 
3	48747.8594	12075.3896	7687.5723	10530.4678	9636.8848	 
4	92833.6328	13846.0400	29501.2949	6157.9478	3364.3892	 
5	135865.3750	7103.9541	52078.5312	4988.2471	14633.1504	 
6	82392.7969	3749.9368	23866.4512	6417.1753	15454.0889	 
7	56639.2969	8816.8047	9285.8496	4707.2510	2228.5410	 
8	8593.8877	60567.9492	3808.2090	48754.1719	25312.8867	 
9	11285.2383	51924.1406	1840.0465	41376.3984	20764.3320	 
10	59557.2188	29855.2305	16949.3809	17698.1484	3790.5134	 
11	70888.4062	21080.5215	19930.1836	10978.5342	1870.8241	 
12	81868.0781	11761.7422	22876.1836	4618.5044	1370.1553	 
13	176061.3750	22317.8066	79880.2891	18257.2969	28708.9238	 
14	35016.3438	73078.2578	30141.0273	75362.3672	69775.2188	 
15	12477.8740	47948.9297	1065.7664	38329.1758	19409.1680	 
;
param CT_hm:=	#Cost of transportation/unit weight from hybrid facility h to manufacturer m 
[1,*,*]:1	2	3	:=
1	163815.0938	100566.2891	79763.7734	 
2	44975.7539	12238.0400	34306.7227	 
3	80226.7344	33294.2930	29352.6230	 
4	33105.3398	5370.3271	20952.4492	 
5	30360.5156	4652.6382	7587.1772	 
[2,*,*]:1	2	3	:=
1	163815.0938	100566.2891	79763.7734	 
2	44975.7539	12238.0400	34306.7227	 
3	80226.7344	33294.2930	29352.6230	 
4	33105.3398	5370.3271	20952.4492	 
5	30360.5156	4652.6382	7587.1772	 
[3,*,*]:1	2	3	:=
1	163815.0938	100566.2891	79763.7734	 
2	44975.7539	12238.0400	34306.7227	 
3	80226.7344	33294.2930	29352.6230	 
4	33105.3398	5370.3271	20952.4492	 
5	30360.5156	4652.6382	7587.1772	 
;
param CT_mh:=	#Cost of transportation/unit weight from manufacturer m to hybrid facility h 
[1,*,*]:1	2	3	4	5	:=
1	163815.0938	44975.7539	80226.7344	33105.3398	30360.5156	 
2	100566.2891	12238.0400	33294.2930	5370.3271	4652.6382	 
3	79763.7734	34306.7227	29352.6230	20952.4492	7587.1772	 
[2,*,*]:1	2	3	4	5	:=
1	163815.0938	44975.7539	80226.7344	33105.3398	30360.5156	 
2	100566.2891	12238.0400	33294.2930	5370.3271	4652.6382	 
3	79763.7734	34306.7227	29352.6230	20952.4492	7587.1772	 
[3,*,*]:1	2	3	4	5	:=
1	163815.0938	44975.7539	80226.7344	33105.3398	30360.5156	 
2	100566.2891	12238.0400	33294.2930	5370.3271	4652.6382	 
3	79763.7734	34306.7227	29352.6230	20952.4492	7587.1772	 
;
param D_uh:=	#Distance from urban center u to hybrid facility h 
[1,*,*]:1	2	3	4	5	:=
1	18845.8359	37427.9570	1623.5947	32217.8652	20406.2832	 
2	73567.4609	9740.1992	22338.0234	13441.6689	21863.5762	 
3	177242.2812	19916.7266	79911.0859	16974.5156	29143.6426	 
4	164241.0312	10360.6699	69796.3828	10310.2002	25375.9570	 
5	128867.4844	31656.9160	55628.3594	20620.5723	16203.1455	 
6	104546.5781	73870.1250	57887.6094	53687.0000	30695.9668	 
[2,*,*]:1	2	3	4	5	:=
1	18845.8359	37427.9570	1623.5947	32217.8652	20406.2832	 
2	73567.4609	9740.1992	22338.0234	13441.6689	21863.5762	 
3	177242.2812	19916.7266	79911.0859	16974.5156	29143.6426	 
4	164241.0312	10360.6699	69796.3828	10310.2002	25375.9570	 
5	128867.4844	31656.9160	55628.3594	20620.5723	16203.1455	 
6	104546.5781	73870.1250	57887.6094	53687.0000	30695.9668	 
[3,*,*]:1	2	3	4	5	:=
1	18845.8359	37427.9570	1623.5947	32217.8652	20406.2832	 
2	73567.4609	9740.1992	22338.0234	13441.6689	21863.5762	 
3	177242.2812	19916.7266	79911.0859	16974.5156	29143.6426	 
4	164241.0312	10360.6699	69796.3828	10310.2002	25375.9570	 
5	128867.4844	31656.9160	55628.3594	20620.5723	16203.1455	 
6	104546.5781	73870.1250	57887.6094	53687.0000	30695.9668	 
;
param Surrounding:=	47613.6250	;
param Pop_u:=	#Population per urban center u
1	169071.7500
2	160514.1875
3	134129.9375
4	140347.0781
5	151199.0938
6	141151.5625
;
param CR_pm:	1	2	3	:=	#Cost of recycled/reprocessed per unit of product p in manufacturer m
1	87.8012	89.4438	80.3942	 
2	84.3037	81.7152	82.5840	 
3	80.8725	89.6609	84.3546	 
;
param FCH_h:=	#Operating fixed cost for hybrid facility h
1	8567.5420
2	10790.9141
3	11863.0254
4	11579.3975
5	10232.0166
;
param FCM_m:=	#Fixed cost for opening manufacturing plant m
1	32338.4395
2	50527.5664
3	53432.8125
;
param A_pct:=	#Return rate of product p available in retailer c at time period t (rand [0,1])
[1,*,*]:	1	2	3	4	5	:=
1	0.2000	0.2000	0.2000	0.2000	0.2000	 
2	0.2000	0.2000	0.2000	0.2000	0.2000	 
3	0.2000	0.2000	0.2000	0.2000	0.2000	 
4	0.2000	0.2000	0.2000	0.2000	0.2000	 
5	0.2000	0.2000	0.2000	0.2000	0.2000	 
6	0.2000	0.2000	0.2000	0.2000	0.2000	 
7	0.2000	0.2000	0.2000	0.2000	0.2000	 
8	0.2000	0.2000	0.2000	0.2000	0.2000	 
9	0.2000	0.2000	0.2000	0.2000	0.2000	 
10	0.2000	0.2000	0.2000	0.2000	0.2000	 
11	0.2000	0.2000	0.2000	0.2000	0.2000	 
12	0.2000	0.2000	0.2000	0.2000	0.2000	 
13	0.2000	0.2000	0.2000	0.2000	0.2000	 
14	0.2000	0.2000	0.2000	0.2000	0.2000	 
15	0.2000	0.2000	0.2000	0.2000	0.2000	 
[2,*,*]:	1	2	3	4	5	:=
1	0.2000	0.2000	0.2000	0.2000	0.2000	 
2	0.2000	0.2000	0.2000	0.2000	0.2000	 
3	0.2000	0.2000	0.2000	0.2000	0.2000	 
4	0.2000	0.2000	0.2000	0.2000	0.2000	 
5	0.2000	0.2000	0.2000	0.2000	0.2000	 
6	0.2000	0.2000	0.2000	0.2000	0.2000	 
7	0.2000	0.2000	0.2000	0.2000	0.2000	 
8	0.2000	0.2000	0.2000	0.2000	0.2000	 
9	0.2000	0.2000	0.2000	0.2000	0.2000	 
10	0.2000	0.2000	0.2000	0.2000	0.2000	 
11	0.2000	0.2000	0.2000	0.2000	0.2000	 
12	0.2000	0.2000	0.2000	0.2000	0.2000	 
13	0.2000	0.2000	0.2000	0.2000	0.2000	 
14	0.2000	0.2000	0.2000	0.2000	0.2000	 
15	0.2000	0.2000	0.2000	0.2000	0.2000	 
[3,*,*]:	1	2	3	4	5	:=
1	0.2000	0.2000	0.2000	0.2000	0.2000	 
2	0.2000	0.2000	0.2000	0.2000	0.2000	 
3	0.2000	0.2000	0.2000	0.2000	0.2000	 
4	0.2000	0.2000	0.2000	0.2000	0.2000	 
5	0.2000	0.2000	0.2000	0.2000	0.2000	 
6	0.2000	0.2000	0.2000	0.2000	0.2000	 
7	0.2000	0.2000	0.2000	0.2000	0.2000	 
8	0.2000	0.2000	0.2000	0.2000	0.2000	 
9	0.2000	0.2000	0.2000	0.2000	0.2000	 
10	0.2000	0.2000	0.2000	0.2000	0.2000	 
11	0.2000	0.2000	0.2000	0.2000	0.2000	 
12	0.2000	0.2000	0.2000	0.2000	0.2000	 
13	0.2000	0.2000	0.2000	0.2000	0.2000	 
14	0.2000	0.2000	0.2000	0.2000	0.2000	 
15	0.2000	0.2000	0.2000	0.2000	0.2000	 
;
param SL:=	1.64	;	 
param SDS_p:=	#Sales standar deviation of product p 
1	 56.2785
2	 56.7559
3	 56.1575
;
param L_p:=	#Average lead time for product p at retailers (Lead time = Order to ship time + Transit lead time) - 4months
1	  3.5743
2	  3.0863
3	  3.0093
;
param CM_pm:=	#manufacturing capacity limit
1	112003.0000
2	112003.0000
3	112003.0000
;
param Mbig:=	 112003.0000;
param CO_vk:1	2	3:=	#Cost of CO2 emission per vehicle type v with size k
1	0.0003	0.001	0.002	#Electric Vehicle
2	0.001	0.003	0.006;	#Internal combustion

param VC_vk:1	2	3:= #Cost per vehicle type v with size k
1	100	200	1000	#Electric Vehicle
2	50	100	500	; 	#Internal combustion

param VQ_vk:1	2	3:=	#Capacity per vehicle type v with size k
1	10	20	50	#Electric Vehicle
2	10	20	50	; 	#Internal combustion

