#Coord Suppliers
# 	1	 81.1214		  5.8426	
# 	2	208.4483		217.4802	
# 	3	189.0916		145.6281	
# 	4	  5.7514		146.2115	
# 	5	423.8130		255.2385	
# 	6	328.4840		 32.6208	
# 	7	402.2569		257.1463	
# 	8	 74.2890		189.7002	
# 	9	  9.2176		 35.0212	
# 	10	142.3653		 47.3737	
# 	11	341.5408		245.4826	
# 	12	155.0810		 95.6396	
# 	13	 50.2476		 25.1859	
# 	14	320.7267		179.8630	
# 	15	 25.0532		143.9392	
# 	16	180.7544		254.3937	
# 	17	323.0321		180.6192	
# 	18	248.5727		284.7307	
# 	19	444.0030		101.4162	
# 	20	107.9436		238.9307	
#Coord Manufacturers
# 	1	 28.6589		109.3847	
# 	2	 31.5103		 95.8103	
# 	3	 31.6722		 87.0791	
#Coord Warehouse
# 	1	355.5455		271.6201	
# 	2	356.6796		168.5456	
# 	3	277.2083		108.4451	
# 	4	 75.9678		130.8723	
# 	5	329.7714		 18.8663	
# 	6	  9.3298		231.1644	
# 	7	134.9784		210.3493	
# 	8	330.6005		279.8714	
# 	9	180.1478		107.5314	
# 	10	362.9550		229.3473	
# 	11	293.6766		243.2900	
# 	12	288.9967		287.2332	
# 	13	150.2435		221.4758	
# 	14	427.4250		100.3092	
# 	15	275.2344		109.7010	
#Coord Hybrids
# 	1	207.6931		 22.5006	
# 	2	  8.7045		227.8948	
# 	3	203.7416		186.8502	
# 	4	332.9782		125.5990	
# 	5	165.4279		 50.7086	
# 	6	357.2426		249.9112	
# 	7	330.3958		262.5884	
# 	8	291.6254		208.8199	
# 	9	 86.8581		230.2897	
# 	10	150.3373		131.3878	
#Coord Retailers
# 	1	143.4916		170.4869	
# 	2	296.4116		172.6676	
# 	3	143.1842		 65.4010	
# 	4	380.2224		 90.6494	
# 	5	197.1993		 27.4244	
# 	6	135.4406		 25.7084	
# 	7	154.6710		212.7903	
# 	8	438.2857		187.5674	
# 	9	121.1866		197.0126	
# 	10	282.1490		247.6957	
# 	11	240.1623		273.3365	
# 	12	186.9767		 85.8134	
# 	13	233.5535		276.7351	
# 	14	325.7601		148.1739	
# 	15	223.8734		194.6167	
# 	16	201.4970		165.1918	
# 	17	437.0288		279.7241	
# 	18	378.3084		 38.1145	
# 	19	250.4345		109.9282	
# 	20	410.3080		 94.1037	
# 	21	418.8447		 71.5038	
# 	22	189.1759		287.9888	
# 	23	267.9690		279.6446	
# 	24	242.4826		 68.4111	
# 	25	320.8333		156.4720	
# 	26	227.4629		 40.9454	
# 	27	 65.2138		278.8815	
# 	28	430.2262		289.7793	
# 	29	161.0052		 13.7611	
# 	30	249.2673		220.8928	
# 	31	291.6209		 15.8799	
# 	32	104.7973		211.7653	
# 	33	 24.7882		253.9491	
# 	34	445.0865		 74.3399	
# 	35	 24.3519		293.9080	
# 	36	345.2473		136.2593	
# 	37	215.2155		274.6509	
# 	38	160.1235		 15.9539	
# 	39	276.2867		 93.7634	
# 	40	306.7016		284.3850	
# 	41	162.2609		 74.0994	
# 	42	 23.8283		249.4980	
# 	43	 35.2709		285.6526	
# 	44	317.7664		273.4598	
# 	45	366.4984		 57.2165	
#Coord Urban center
# 	1	 79.1566		288.4163	
# 	2	130.9671		237.1841	
# 	3	 76.8556		 89.7271	
# 	4	303.0706		 74.5259	
# 	5	338.3402		263.7768	
# 	6	144.1676		 89.6124	

#Parameters

param I:=	10;	#Raw material
param S:=	20;	#Supplier
param M:=	3;	#Manufacturer
param H:=	10;	#Hybrid
param W:=	15;	#Warehouse
param C:=	45;	#Retailer
param P:=	3;	#Products
param T:=	5;	#Time period
param TV:=	2;	#Type of vehicle
param SZ:=	3;	#Size of vehicle
param UC:=	6;	#Urban centers

param CI_im:	1	2	3	:=	#Inventory holding cost/unit of raw material i at manufacturer m
1	3	3	3	 
2	3	3	3	 
3	3	3	3	 
4	3	3	3	 
5	3	3	3	 
6	3	3	3	 
7	3	3	3	 
8	3	3	3	 
9	3	3	3	 
10	3	3	3	 
; 
param CI_pw:	1	2	3	4	5	6	7	8	9	10	11	12	13	14	15	:=	#Inventory holding cost/unit of product p at depot w
1	3	3	3	3	3	3	3	3	3	3	3	3	3	3	3	 
2	3	3	3	3	3	3	3	3	3	3	3	3	3	3	3	 
3	3	3	3	3	3	3	3	3	3	3	3	3	3	3	3	 
;
param CP_pm:	1	2	3	:=	#Production cost of product p at manufacturer m
1	100.2773	104.2266	100.6545	 
2	105.7466	106.8794	105.6831	 
3	106.0373	105.9965	109.0265	 
;
param CT_ism:=	#Cost of raw material i per unit from supplier s to manufacturer m
[1,*,*]:1	2	3	:=
1	1382.7573	1465.3481	1337.9929	
2	1285.1565	1305.4692	1448.3206	
3	1307.4209	1443.1344	1475.7092	
4	1386.0968	1285.8057	1405.8741	
5	1344.8743	1477.1119	1305.9097	
6	1308.5721	1370.5903	1373.3885	
7	1296.9414	1343.5839	1417.0427	
8	1367.6300	1264.9299	1353.8269	
9	1353.9524	1361.9012	1255.9600	
10	1318.4980	1487.6028	1470.7517	
11	1485.1772	1439.7225	1358.4980	
12	1484.3761	1325.1653	1398.3040	
13	1396.8585	1360.1885	1312.5920	
14	1332.6205	1410.7299	1321.0054	
15	1336.5490	1338.5256	1331.2014	
16	1457.1326	1386.4463	1254.5925	
17	1435.3947	1375.5425	1444.7233	
18	1373.6409	1327.7095	1459.8221	
19	1293.3363	1319.5691	1371.0370	
20	1464.9678	1278.8030	1334.6721	
[2,*,*]:1	2	3	:=
1	1383.0601	1419.5874	1276.2985	
2	1438.8209	1389.2302	1379.2861	
3	1345.2177	1328.6617	1472.6261	
4	1498.4441	1293.8037	1302.8752	
5	1416.7585	1441.1407	1455.7415	
6	1325.6113	1302.2750	1268.1423	
7	1344.0830	1390.6212	1468.1378	
8	1258.2611	1272.4138	1413.2863	
9	1417.8302	1281.0328	1274.0914	
10	1256.9941	1412.1835	1319.9642	
11	1310.2483	1416.1372	1280.2501	
12	1384.1033	1272.7312	1266.4374	
13	1417.1333	1447.9036	1365.6069	
14	1350.5365	1425.3872	1269.0104	
15	1319.5707	1476.3169	1487.2390	
16	1259.5990	1250.7660	1441.9711	
17	1362.9696	1440.6077	1410.7457	
18	1361.9916	1427.4952	1401.1318	
19	1253.9290	1366.5302	1470.5012	
20	1445.0712	1413.7321	1405.3947	
[3,*,*]:1	2	3	:=
1	1454.1531	1322.8356	1348.5262	
2	1407.6641	1455.2389	1330.3472	
3	1292.1195	1318.0641	1359.7441	
4	1274.6157	1407.0839	1474.1200	
5	1335.5494	1489.0947	1354.9070	
6	1383.9359	1494.1827	1427.5084	
7	1376.3773	1438.6395	1368.3268	
8	1430.3936	1305.5873	1269.2239	
9	1399.7893	1380.9210	1365.1715	
10	1279.3694	1483.6360	1277.9346	
11	1491.8662	1329.5298	1320.4575	
12	1484.9973	1490.1484	1425.1654	
13	1488.8087	1293.7445	1464.1604	
14	1404.5497	1323.8898	1399.1082	
15	1277.3229	1447.9974	1410.4694	
16	1276.7603	1304.9147	1322.9353	
17	1368.4288	1307.6565	1324.3899	
18	1387.8707	1286.7465	1438.3298	
19	1362.6421	1351.7754	1393.3700	
20	1289.4211	1472.8816	1278.7898	
[4,*,*]:1	2	3	:=
1	1386.7797	1491.2363	1284.7979	
2	1424.7026	1493.7990	1498.9570	
3	1336.9343	1406.4408	1485.5940	
4	1406.1345	1468.2050	1424.3939	
5	1259.2252	1336.3820	1473.4568	
6	1367.2002	1358.4924	1326.2300	
7	1289.9341	1417.2183	1348.8352	
8	1470.5265	1260.7975	1468.5874	
9	1273.0923	1455.8795	1364.5062	
10	1435.0437	1362.7219	1289.6339	
11	1487.0474	1410.6195	1303.7042	
12	1399.1285	1302.4073	1350.4843	
13	1398.8063	1402.5670	1276.9844	
14	1298.1417	1364.5620	1379.0394	
15	1464.3110	1394.1830	1452.8796	
16	1342.4268	1296.9314	1319.9229	
17	1256.2437	1341.0327	1408.8751	
18	1460.4930	1308.6984	1426.4417	
19	1438.1099	1422.8047	1490.8446	
20	1394.9707	1360.8890	1384.1997	
[5,*,*]:1	2	3	:=
1	1251.1904	1251.6807	1373.4001	
2	1344.1482	1283.7452	1338.5719	
3	1410.3636	1380.6963	1349.1017	
4	1442.5111	1263.3385	1471.5350	
5	1419.7831	1354.8717	1422.9329	
6	1484.8107	1413.7097	1417.0859	
7	1425.5243	1478.9204	1472.3314	
8	1319.8407	1255.6072	1319.4537	
9	1341.0067	1311.8636	1364.3258	
10	1484.4969	1297.3385	1345.3750	
11	1458.2604	1282.7656	1338.0945	
12	1387.7231	1442.3407	1465.4606	
13	1313.9950	1488.0875	1358.7130	
14	1282.7427	1289.7446	1359.3419	
15	1452.9590	1267.2461	1304.3763	
16	1450.4348	1455.8413	1300.0063	
17	1264.0570	1413.5083	1448.4856	
18	1262.4421	1380.6523	1285.4568	
19	1400.2158	1278.1104	1282.9462	
20	1385.1376	1486.7489	1257.1514	
[6,*,*]:1	2	3	:=
1	1274.8501	1300.4899	1453.6732	
2	1310.0714	1318.0055	1357.3420	
3	1464.2019	1320.0670	1367.9301	
4	1368.7413	1374.8967	1361.4642	
5	1451.2727	1299.9740	1376.0986	
6	1282.7565	1467.8354	1356.2397	
7	1499.5092	1415.8199	1301.0193	
8	1481.2108	1323.3988	1409.6001	
9	1441.2972	1275.8234	1296.0322	
10	1356.6697	1339.6434	1328.9709	
11	1317.5511	1340.1410	1495.3939	
12	1364.6130	1364.4688	1312.6265	
13	1297.4198	1314.3589	1471.4121	
14	1471.5603	1292.6870	1349.1550	
15	1395.1089	1388.3721	1300.3535	
16	1265.4323	1449.1582	1282.4581	
17	1349.3765	1440.5721	1421.3253	
18	1352.0870	1449.8263	1498.3138	
19	1369.9885	1471.2417	1380.2228	
20	1347.0677	1497.3815	1442.9983	
[7,*,*]:1	2	3	:=
1	1283.8615	1385.2754	1344.8013	
2	1373.8766	1438.9211	1334.3650	
3	1400.2731	1309.5580	1360.7921	
4	1472.3013	1434.2233	1340.7244	
5	1319.5565	1400.7483	1368.7540	
6	1496.8864	1324.0203	1480.2015	
7	1308.6335	1450.3395	1466.3461	
8	1297.2280	1360.9589	1427.7494	
9	1353.0031	1276.8595	1441.8878	
10	1371.6571	1296.1240	1262.8267	
11	1380.1702	1323.0768	1453.3235	
12	1289.3860	1254.0974	1476.9183	
13	1354.4313	1463.4150	1392.5737	
14	1470.2224	1484.5857	1271.0850	
15	1319.7611	1295.7885	1489.1552	
16	1423.6827	1481.4188	1496.3146	
17	1447.9457	1468.5399	1485.1997	
18	1402.3400	1454.9192	1493.6237	
19	1367.8682	1304.1813	1416.3494	
20	1263.8556	1327.3530	1344.1879	
[8,*,*]:1	2	3	:=
1	1451.2258	1255.9901	1330.4326	
2	1326.6655	1415.6375	1468.8297	
3	1370.1185	1460.9907	1355.5409	
4	1375.5995	1330.2744	1299.0311	
5	1472.6260	1400.5895	1317.0554	
6	1384.6823	1351.2125	1259.2111	
7	1424.1893	1466.9790	1402.1836	
8	1286.9250	1354.8728	1300.9022	
9	1292.5819	1323.5682	1473.9904	
10	1460.7529	1448.4084	1482.0173	
11	1276.9645	1304.7469	1260.8466	
12	1251.0375	1410.3018	1352.1307	
13	1391.3857	1467.1954	1321.6547	
14	1311.1505	1455.3274	1256.2074	
15	1481.4948	1336.7505	1258.3556	
16	1304.2173	1270.2211	1461.1949	
17	1263.8845	1263.3575	1403.7430	
18	1302.4930	1333.6409	1446.5798	
19	1356.3523	1432.3451	1320.4570	
20	1282.7709	1267.0068	1459.6057	
[9,*,*]:1	2	3	:=
1	1280.5247	1269.6344	1289.2643	
2	1380.3813	1422.0929	1373.5239	
3	1405.2062	1374.2998	1436.0923	
4	1400.8838	1293.9806	1333.9955	
5	1498.3230	1362.1659	1419.3679	
6	1293.1075	1418.9540	1424.4995	
7	1290.0470	1485.3419	1348.5756	
8	1336.5330	1419.4838	1480.0554	
9	1459.5583	1390.5098	1263.5842	
10	1371.4670	1405.1927	1459.1543	
11	1300.5415	1366.4281	1410.2822	
12	1422.0519	1261.5874	1468.9788	
13	1278.4119	1463.5280	1465.9397	
14	1403.1613	1385.2650	1337.4020	
15	1347.1655	1480.3907	1414.4457	
16	1366.2081	1339.6837	1498.7816	
17	1483.9445	1481.0100	1481.4130	
18	1339.1879	1458.4731	1422.0931	
19	1478.2334	1433.8915	1458.2646	
20	1450.0542	1394.6525	1424.1368	
[10,*,*]:1	2	3	:=
1	1268.9031	1346.1599	1451.1761	
2	1273.2345	1332.5223	1406.5730	
3	1362.5355	1268.0853	1292.7637	
4	1416.5133	1387.0122	1397.1213	
5	1476.6997	1483.2333	1323.4882	
6	1471.2346	1380.8357	1410.7307	
7	1275.2692	1350.3801	1487.1848	
8	1484.8035	1353.8237	1311.5463	
9	1489.9852	1375.3831	1486.9086	
10	1258.8175	1398.5447	1320.4758	
11	1250.9779	1372.0869	1487.0710	
12	1364.6804	1303.3854	1424.7614	
13	1468.9314	1439.9363	1312.5353	
14	1444.5597	1444.4269	1365.0818	
15	1438.7329	1259.1417	1301.3817	
16	1346.8665	1481.7791	1423.9597	
17	1417.1482	1455.7916	1430.5701	
18	1265.6709	1473.0483	1440.6086	
19	1303.8896	1398.7013	1362.9692	
20	1257.2588	1450.5309	1336.0466	
;
param CT_wc:=	#Cost of transportation/unit weight from depot w to retailer c1 (Matrix of the cost CTij)
[1,*,*]:1	2	3	4	5	6	7	8	9	10	11	12	13	14	15	16	17	18	19	20	21	22	23	24	25	26	27	28	29	30	31	32	33	34	35	36	37	38	39	40	41	42	43	44	45	:=
1	55194.7812	13288.4326	87623.6250	33359.3477	84705.0781	108918.7109	43811.5195	13910.7930	60490.3789	5959.4229	13316.2314	62939.5938	14908.2158	16126.1396	23267.0840	35057.9141	6705.2090	55043.0391	37192.6094	34510.9922	44053.3125	27946.7930	7734.0312	54077.1289	14464.0137	69615.9922	84345.2344	5906.9609	104337.2422	13868.3154	69489.4375	66457.2734	109712.6719	46937.0820	110185.9531	18428.5938	19701.6992	103554.9375	37914.9688	2548.6721	76373.3438	110525.6641	102772.7344	1430.6437	46088.8789	
2	45452.9023	3649.2300	56219.0938	6622.0815	45349.1797	69349.1562	42765.0781	7021.3818	56267.3438	11819.5430	24557.4141	35643.7188	26865.0059	1371.0259	18317.2012	24092.8887	18816.6543	17480.0898	14724.0322	8417.5938	13281.6016	42324.1836	20212.5508	23067.8828	1430.7294	32978.7812	97126.3750	20106.6934	62246.7578	14277.6406	27539.4746	65312.6562	117445.6875	16690.5000	126157.4688	1173.1019	31270.4355	61918.5156	12055.4072	15916.5703	46718.7070	117343.2578	117017.6016	12521.2305	12490.5840	
3	21729.3379	4493.2939	19815.2363	10928.5840	12965.7891	26943.4180	25903.3145	32206.2852	32186.9844	19415.1426	28561.5859	8653.9395	30227.2695	3935.6565	10270.1553	8952.3896	54879.1250	15167.6338	719.0345	17921.2051	21425.5195	39985.6602	29394.6406	2808.5920	4209.7339	7030.8115	73990.2656	56296.5703	22468.2266	13425.2002	8776.0430	40400.6250	84887.3281	29346.2656	98332.8594	5402.9438	31467.4883	22263.4453	216.4000	31824.7168	14392.5137	84097.3125	89936.2188	28874.8379	10597.0898	
4	6128.7866	50342.3086	8804.5391	94188.7344	25398.5566	14596.4561	12904.7578	134488.6250	6419.2876	56158.4141	47255.8906	14353.2744	46109.2109	62695.5391	25939.4102	16935.4238	152521.9688	100013.8906	30877.2988	113135.2969	121089.1719	37501.6719	58997.6797	31628.6035	60614.4805	31037.6387	22022.3848	150750.4688	20946.3945	38136.4219	59729.5391	7374.8184	17767.2520	139444.5469	29244.8398	72540.4922	40062.2188	20288.4160	41504.7188	76804.2422	10669.6660	16790.5742	25613.1953	78797.7969	89833.2031	
5	57688.9727	24767.7090	36980.2500	7698.1143	17648.5977	37811.2617	68266.6719	40235.4375	75243.7422	54630.7812	72784.8750	24872.2539	75754.1875	16736.5488	42102.5820	37865.4805	79550.9844	2726.3379	14586.6055	12146.8174	10704.7588	92194.0312	71824.8672	10074.0117	19015.2344	10954.5059	137598.6719	83485.0000	28508.1055	47295.6367	1464.3782	87823.3750	148278.6875	16374.8984	168929.0000	14020.6328	78548.8281	28788.8789	8470.1992	71032.4219	31110.4531	146792.1250	157905.5000	64961.9961	2819.6099	
6	21681.1406	85837.7969	45394.5039	157305.7344	76804.9531	58116.0938	21461.6582	185903.8438	13678.2783	74703.5859	55062.1094	52685.3125	52352.9297	107015.5156	47364.6641	41280.6133	185284.4844	173413.5000	72829.6953	179569.0938	193193.8906	35573.6016	69244.5625	80848.8828	102613.3672	83765.3438	5399.9365	180589.4531	70269.6250	57675.4844	126035.6875	9490.3574	758.1022	214477.8281	4162.4185	121847.5312	44279.9766	69054.2812	90144.9766	91262.3750	48057.3281	546.3259	3641.9077	96922.0312	157827.2500	
7	1661.4830	27480.5801	21077.3340	74472.6562	37332.9609	34092.4531	393.7569	92514.3438	368.0797	23053.9473	15031.0410	18213.0020	14124.1230	40263.4258	8149.8315	6463.9224	96047.3359	88874.3359	23414.5137	89319.4062	99858.1172	8965.2607	22488.3496	31703.6152	37444.8047	37251.0820	9563.7744	93480.3906	39324.3164	13173.1182	62355.2344	912.9052	14042.8281	114665.6016	19220.2832	49702.3359	10572.6914	38421.8203	33560.2812	34970.1406	19308.3555	13886.9551	15612.1777	37394.4062	77051.1562	
8	46974.6875	12661.5449	81122.3906	38267.2969	81525.3672	102686.1719	35451.0547	20116.1328	50719.7461	3382.8198	8221.7676	58286.3047	9427.9531	17367.6602	18659.0449	29819.0996	11327.0205	60722.4609	35307.2812	40862.9102	51204.0820	20066.8125	3922.7488	52480.2188	15322.7979	67723.0078	70431.0859	10023.4521	99577.2891	10093.5566	71210.9453	55625.5234	94193.1250	55350.2578	93985.2266	20838.9531	13340.9473	98714.8047	37586.1641	591.5298	70680.2969	95031.6875	87252.9531	205.8208	50863.8672	
9	5307.0757	17759.9844	3141.2720	40314.8281	6707.8857	8693.7246	11728.5088	73040.9531	11483.3203	30050.2812	31093.0762	518.3036	31482.0625	22854.7500	9495.7715	3780.5183	95638.2109	44086.3438	4945.9668	53154.0117	58274.1797	32646.3887	37335.5273	5416.0303	22187.6035	6672.4209	42570.7109	95753.5000	9159.3115	17628.3262	20826.2559	16542.4121	45574.7617	71294.1953	59008.6094	28083.1484	29158.6816	8787.3955	9432.2363	47293.0664	1437.6335	44590.2891	52716.5000	46471.1406	37258.1250	
10	51628.7500	7640.6313	75177.6016	19535.2734	68247.8438	93231.6094	43656.3867	7420.2661	59497.5195	6866.2769	17013.1074	51570.3828	18990.3652	7972.5898	20549.9316	30184.6211	8024.7490	36805.7305	26921.8066	20533.1250	28038.2188	33638.0312	11552.1602	40414.0781	7085.0459	53853.4141	91103.5078	8177.4272	87261.1875	12996.3848	50656.9180	66954.5625	114962.0859	30772.8809	118820.1719	8978.9355	23879.3945	86677.3516	25894.4023	6193.6011	64380.0312	115412.9688	110547.1875	3987.9265	29641.5762	
11	27855.8281	4995.0044	54292.4375	30789.3027	55905.8320	72380.3594	20252.8008	24016.7812	31894.4102	152.2963	3766.5786	36183.7539	4733.3691	10076.4111	7241.5869	14596.3984	21877.3008	49259.5195	19655.2500	35859.3984	45177.5117	12918.3994	1982.5403	33203.4570	8274.8359	45327.5938	53462.0469	20807.0391	70285.2344	2473.8213	51719.5859	36669.2188	72414.6172	51469.0781	75098.0156	14115.0898	7139.6611	69518.0938	22660.5977	1858.4518	45895.5156	72856.6406	68568.1016	1490.5391	39926.3438	
12	34801.4258	13180.2705	70470.7891	46967.3203	75927.3906	91974.6719	23585.1367	32220.4805	36299.9805	1610.1072	2577.9160	50978.0234	3184.1584	20689.0391	12818.8721	22550.2871	21969.9082	70036.7422	32924.1211	52015.4258	63399.6719	9964.7666	499.7492	50046.6836	18112.0566	64444.1172	50148.5430	19952.2598	91168.8516	5979.4697	73639.5312	39624.8242	70913.9688	69687.6094	70081.4141	25957.2461	5601.9785	90200.7188	37592.1016	321.5756	61487.9492	71738.1875	64379.2578	1017.4042	58914.2070	
13	2645.4553	23747.3457	24409.1719	70005.8203	39860.8008	38543.9844	 95.0406	84118.0859	1442.7504	18086.5488	10774.9199	19753.6113	9994.1406	36179.2344	6142.7710	5794.8086	85638.6953	85634.9922	22481.1133	83857.1797	94638.1797	5939.7075	17242.9062	31936.8691	33326.3711	38554.0859	10525.4746	83055.6797	43261.2227	9806.0508	62257.2656	2159.6536	16793.5527	108581.3828	21095.1211	45288.3320	7048.9512	42336.8438	32197.3262	28436.6953	21864.2090	16766.0352	17337.3633	30766.2676	73747.2969	
14	85543.0703	22400.2422	82011.3906	2321.4014	58316.0664	90820.1562	87046.7344	7731.9487	103133.5078	42827.8711	65005.7461	58025.5312	68712.2344	12626.7812	50327.1484	55253.1953	32281.9355	6280.6235	31418.1523	331.5001	903.3737	91986.2656	57587.3750	35221.1641	14516.0459	43508.8906	163085.0469	35906.7422	78470.1094	46280.5703	25571.0703	116511.0938	185721.6094	986.3369	199948.4062	8045.5791	75427.8906	78565.8828	22885.6445	48458.0352	70998.9297	185147.5312	188136.9688	42006.1328	5569.0361	
15	21051.0840	4413.2529	19399.7402	11385.4346	12858.9277	26597.0605	25162.9297	32648.9023	31354.0430	19090.3301	28006.6094	8360.0508	29637.6641	4033.0034	9848.6162	8516.4277	55085.2852	15748.8945	615.0864	18488.1465	22082.9336	39192.5938	28933.5938	2777.5415	4266.7861	7009.4595	72730.7031	56450.6172	22252.8027	13037.9043	9070.9346	39465.9258	83530.8125	30100.1523	96874.2344	5607.1504	30810.7285	22039.0312	255.1150	31504.6680	14030.4785	82748.1875	88541.4375	28625.9141	11083.7422	
[2,*,*]:1	2	3	4	5	6	7	8	9	10	11	12	13	14	15	16	17	18	19	20	21	22	23	24	25	26	27	28	29	30	31	32	33	34	35	36	37	38	39	40	41	42	43	44	45	:=
1	55194.7812	13288.4326	87623.6250	33359.3477	84705.0781	108918.7109	43811.5195	13910.7930	60490.3789	5959.4229	13316.2314	62939.5938	14908.2158	16126.1396	23267.0840	35057.9141	6705.2090	55043.0391	37192.6094	34510.9922	44053.3125	27946.7930	7734.0312	54077.1289	14464.0137	69615.9922	84345.2344	5906.9609	104337.2422	13868.3154	69489.4375	66457.2734	109712.6719	46937.0820	110185.9531	18428.5938	19701.6992	103554.9375	37914.9688	2548.6721	76373.3438	110525.6641	102772.7344	1430.6437	46088.8789	
2	45452.9023	3649.2300	56219.0938	6622.0815	45349.1797	69349.1562	42765.0781	7021.3818	56267.3438	11819.5430	24557.4141	35643.7188	26865.0059	1371.0259	18317.2012	24092.8887	18816.6543	17480.0898	14724.0322	8417.5938	13281.6016	42324.1836	20212.5508	23067.8828	1430.7294	32978.7812	97126.3750	20106.6934	62246.7578	14277.6406	27539.4746	65312.6562	117445.6875	16690.5000	126157.4688	1173.1019	31270.4355	61918.5156	12055.4072	15916.5703	46718.7070	117343.2578	117017.6016	12521.2305	12490.5840	
3	21729.3379	4493.2939	19815.2363	10928.5840	12965.7891	26943.4180	25903.3145	32206.2852	32186.9844	19415.1426	28561.5859	8653.9395	30227.2695	3935.6565	10270.1553	8952.3896	54879.1250	15167.6338	719.0345	17921.2051	21425.5195	39985.6602	29394.6406	2808.5920	4209.7339	7030.8115	73990.2656	56296.5703	22468.2266	13425.2002	8776.0430	40400.6250	84887.3281	29346.2656	98332.8594	5402.9438	31467.4883	22263.4453	216.4000	31824.7168	14392.5137	84097.3125	89936.2188	28874.8379	10597.0898	
4	6128.7866	50342.3086	8804.5391	94188.7344	25398.5566	14596.4561	12904.7578	134488.6250	6419.2876	56158.4141	47255.8906	14353.2744	46109.2109	62695.5391	25939.4102	16935.4238	152521.9688	100013.8906	30877.2988	113135.2969	121089.1719	37501.6719	58997.6797	31628.6035	60614.4805	31037.6387	22022.3848	150750.4688	20946.3945	38136.4219	59729.5391	7374.8184	17767.2520	139444.5469	29244.8398	72540.4922	40062.2188	20288.4160	41504.7188	76804.2422	10669.6660	16790.5742	25613.1953	78797.7969	89833.2031	
5	57688.9727	24767.7090	36980.2500	7698.1143	17648.5977	37811.2617	68266.6719	40235.4375	75243.7422	54630.7812	72784.8750	24872.2539	75754.1875	16736.5488	42102.5820	37865.4805	79550.9844	2726.3379	14586.6055	12146.8174	10704.7588	92194.0312	71824.8672	10074.0117	19015.2344	10954.5059	137598.6719	83485.0000	28508.1055	47295.6367	1464.3782	87823.3750	148278.6875	16374.8984	168929.0000	14020.6328	78548.8281	28788.8789	8470.1992	71032.4219	31110.4531	146792.1250	157905.5000	64961.9961	2819.6099	
6	21681.1406	85837.7969	45394.5039	157305.7344	76804.9531	58116.0938	21461.6582	185903.8438	13678.2783	74703.5859	55062.1094	52685.3125	52352.9297	107015.5156	47364.6641	41280.6133	185284.4844	173413.5000	72829.6953	179569.0938	193193.8906	35573.6016	69244.5625	80848.8828	102613.3672	83765.3438	5399.9365	180589.4531	70269.6250	57675.4844	126035.6875	9490.3574	758.1022	214477.8281	4162.4185	121847.5312	44279.9766	69054.2812	90144.9766	91262.3750	48057.3281	546.3259	3641.9077	96922.0312	157827.2500	
7	1661.4830	27480.5801	21077.3340	74472.6562	37332.9609	34092.4531	393.7569	92514.3438	368.0797	23053.9473	15031.0410	18213.0020	14124.1230	40263.4258	8149.8315	6463.9224	96047.3359	88874.3359	23414.5137	89319.4062	99858.1172	8965.2607	22488.3496	31703.6152	37444.8047	37251.0820	9563.7744	93480.3906	39324.3164	13173.1182	62355.2344	912.9052	14042.8281	114665.6016	19220.2832	49702.3359	10572.6914	38421.8203	33560.2812	34970.1406	19308.3555	13886.9551	15612.1777	37394.4062	77051.1562	
8	46974.6875	12661.5449	81122.3906	38267.2969	81525.3672	102686.1719	35451.0547	20116.1328	50719.7461	3382.8198	8221.7676	58286.3047	9427.9531	17367.6602	18659.0449	29819.0996	11327.0205	60722.4609	35307.2812	40862.9102	51204.0820	20066.8125	3922.7488	52480.2188	15322.7979	67723.0078	70431.0859	10023.4521	99577.2891	10093.5566	71210.9453	55625.5234	94193.1250	55350.2578	93985.2266	20838.9531	13340.9473	98714.8047	37586.1641	591.5298	70680.2969	95031.6875	87252.9531	205.8208	50863.8672	
9	5307.0757	17759.9844	3141.2720	40314.8281	6707.8857	8693.7246	11728.5088	73040.9531	11483.3203	30050.2812	31093.0762	518.3036	31482.0625	22854.7500	9495.7715	3780.5183	95638.2109	44086.3438	4945.9668	53154.0117	58274.1797	32646.3887	37335.5273	5416.0303	22187.6035	6672.4209	42570.7109	95753.5000	9159.3115	17628.3262	20826.2559	16542.4121	45574.7617	71294.1953	59008.6094	28083.1484	29158.6816	8787.3955	9432.2363	47293.0664	1437.6335	44590.2891	52716.5000	46471.1406	37258.1250	
10	51628.7500	7640.6313	75177.6016	19535.2734	68247.8438	93231.6094	43656.3867	7420.2661	59497.5195	6866.2769	17013.1074	51570.3828	18990.3652	7972.5898	20549.9316	30184.6211	8024.7490	36805.7305	26921.8066	20533.1250	28038.2188	33638.0312	11552.1602	40414.0781	7085.0459	53853.4141	91103.5078	8177.4272	87261.1875	12996.3848	50656.9180	66954.5625	114962.0859	30772.8809	118820.1719	8978.9355	23879.3945	86677.3516	25894.4023	6193.6011	64380.0312	115412.9688	110547.1875	3987.9265	29641.5762	
11	27855.8281	4995.0044	54292.4375	30789.3027	55905.8320	72380.3594	20252.8008	24016.7812	31894.4102	152.2963	3766.5786	36183.7539	4733.3691	10076.4111	7241.5869	14596.3984	21877.3008	49259.5195	19655.2500	35859.3984	45177.5117	12918.3994	1982.5403	33203.4570	8274.8359	45327.5938	53462.0469	20807.0391	70285.2344	2473.8213	51719.5859	36669.2188	72414.6172	51469.0781	75098.0156	14115.0898	7139.6611	69518.0938	22660.5977	1858.4518	45895.5156	72856.6406	68568.1016	1490.5391	39926.3438	
12	34801.4258	13180.2705	70470.7891	46967.3203	75927.3906	91974.6719	23585.1367	32220.4805	36299.9805	1610.1072	2577.9160	50978.0234	3184.1584	20689.0391	12818.8721	22550.2871	21969.9082	70036.7422	32924.1211	52015.4258	63399.6719	9964.7666	499.7492	50046.6836	18112.0566	64444.1172	50148.5430	19952.2598	91168.8516	5979.4697	73639.5312	39624.8242	70913.9688	69687.6094	70081.4141	25957.2461	5601.9785	90200.7188	37592.1016	321.5756	61487.9492	71738.1875	64379.2578	1017.4042	58914.2070	
13	2645.4553	23747.3457	24409.1719	70005.8203	39860.8008	38543.9844	 95.0406	84118.0859	1442.7504	18086.5488	10774.9199	19753.6113	9994.1406	36179.2344	6142.7710	5794.8086	85638.6953	85634.9922	22481.1133	83857.1797	94638.1797	5939.7075	17242.9062	31936.8691	33326.3711	38554.0859	10525.4746	83055.6797	43261.2227	9806.0508	62257.2656	2159.6536	16793.5527	108581.3828	21095.1211	45288.3320	7048.9512	42336.8438	32197.3262	28436.6953	21864.2090	16766.0352	17337.3633	30766.2676	73747.2969	
14	85543.0703	22400.2422	82011.3906	2321.4014	58316.0664	90820.1562	87046.7344	7731.9487	103133.5078	42827.8711	65005.7461	58025.5312	68712.2344	12626.7812	50327.1484	55253.1953	32281.9355	6280.6235	31418.1523	331.5001	903.3737	91986.2656	57587.3750	35221.1641	14516.0459	43508.8906	163085.0469	35906.7422	78470.1094	46280.5703	25571.0703	116511.0938	185721.6094	986.3369	199948.4062	8045.5791	75427.8906	78565.8828	22885.6445	48458.0352	70998.9297	185147.5312	188136.9688	42006.1328	5569.0361	
15	21051.0840	4413.2529	19399.7402	11385.4346	12858.9277	26597.0605	25162.9297	32648.9023	31354.0430	19090.3301	28006.6094	8360.0508	29637.6641	4033.0034	9848.6162	8516.4277	55085.2852	15748.8945	615.0864	18488.1465	22082.9336	39192.5938	28933.5938	2777.5415	4266.7861	7009.4595	72730.7031	56450.6172	22252.8027	13037.9043	9070.9346	39465.9258	83530.8125	30100.1523	96874.2344	5607.1504	30810.7285	22039.0312	255.1150	31504.6680	14030.4785	82748.1875	88541.4375	28625.9141	11083.7422	
[3,*,*]:1	2	3	4	5	6	7	8	9	10	11	12	13	14	15	16	17	18	19	20	21	22	23	24	25	26	27	28	29	30	31	32	33	34	35	36	37	38	39	40	41	42	43	44	45	:=
1	55194.7812	13288.4326	87623.6250	33359.3477	84705.0781	108918.7109	43811.5195	13910.7930	60490.3789	5959.4229	13316.2314	62939.5938	14908.2158	16126.1396	23267.0840	35057.9141	6705.2090	55043.0391	37192.6094	34510.9922	44053.3125	27946.7930	7734.0312	54077.1289	14464.0137	69615.9922	84345.2344	5906.9609	104337.2422	13868.3154	69489.4375	66457.2734	109712.6719	46937.0820	110185.9531	18428.5938	19701.6992	103554.9375	37914.9688	2548.6721	76373.3438	110525.6641	102772.7344	1430.6437	46088.8789	
2	45452.9023	3649.2300	56219.0938	6622.0815	45349.1797	69349.1562	42765.0781	7021.3818	56267.3438	11819.5430	24557.4141	35643.7188	26865.0059	1371.0259	18317.2012	24092.8887	18816.6543	17480.0898	14724.0322	8417.5938	13281.6016	42324.1836	20212.5508	23067.8828	1430.7294	32978.7812	97126.3750	20106.6934	62246.7578	14277.6406	27539.4746	65312.6562	117445.6875	16690.5000	126157.4688	1173.1019	31270.4355	61918.5156	12055.4072	15916.5703	46718.7070	117343.2578	117017.6016	12521.2305	12490.5840	
3	21729.3379	4493.2939	19815.2363	10928.5840	12965.7891	26943.4180	25903.3145	32206.2852	32186.9844	19415.1426	28561.5859	8653.9395	30227.2695	3935.6565	10270.1553	8952.3896	54879.1250	15167.6338	719.0345	17921.2051	21425.5195	39985.6602	29394.6406	2808.5920	4209.7339	7030.8115	73990.2656	56296.5703	22468.2266	13425.2002	8776.0430	40400.6250	84887.3281	29346.2656	98332.8594	5402.9438	31467.4883	22263.4453	216.4000	31824.7168	14392.5137	84097.3125	89936.2188	28874.8379	10597.0898	
4	6128.7866	50342.3086	8804.5391	94188.7344	25398.5566	14596.4561	12904.7578	134488.6250	6419.2876	56158.4141	47255.8906	14353.2744	46109.2109	62695.5391	25939.4102	16935.4238	152521.9688	100013.8906	30877.2988	113135.2969	121089.1719	37501.6719	58997.6797	31628.6035	60614.4805	31037.6387	22022.3848	150750.4688	20946.3945	38136.4219	59729.5391	7374.8184	17767.2520	139444.5469	29244.8398	72540.4922	40062.2188	20288.4160	41504.7188	76804.2422	10669.6660	16790.5742	25613.1953	78797.7969	89833.2031	
5	57688.9727	24767.7090	36980.2500	7698.1143	17648.5977	37811.2617	68266.6719	40235.4375	75243.7422	54630.7812	72784.8750	24872.2539	75754.1875	16736.5488	42102.5820	37865.4805	79550.9844	2726.3379	14586.6055	12146.8174	10704.7588	92194.0312	71824.8672	10074.0117	19015.2344	10954.5059	137598.6719	83485.0000	28508.1055	47295.6367	1464.3782	87823.3750	148278.6875	16374.8984	168929.0000	14020.6328	78548.8281	28788.8789	8470.1992	71032.4219	31110.4531	146792.1250	157905.5000	64961.9961	2819.6099	
6	21681.1406	85837.7969	45394.5039	157305.7344	76804.9531	58116.0938	21461.6582	185903.8438	13678.2783	74703.5859	55062.1094	52685.3125	52352.9297	107015.5156	47364.6641	41280.6133	185284.4844	173413.5000	72829.6953	179569.0938	193193.8906	35573.6016	69244.5625	80848.8828	102613.3672	83765.3438	5399.9365	180589.4531	70269.6250	57675.4844	126035.6875	9490.3574	758.1022	214477.8281	4162.4185	121847.5312	44279.9766	69054.2812	90144.9766	91262.3750	48057.3281	546.3259	3641.9077	96922.0312	157827.2500	
7	1661.4830	27480.5801	21077.3340	74472.6562	37332.9609	34092.4531	393.7569	92514.3438	368.0797	23053.9473	15031.0410	18213.0020	14124.1230	40263.4258	8149.8315	6463.9224	96047.3359	88874.3359	23414.5137	89319.4062	99858.1172	8965.2607	22488.3496	31703.6152	37444.8047	37251.0820	9563.7744	93480.3906	39324.3164	13173.1182	62355.2344	912.9052	14042.8281	114665.6016	19220.2832	49702.3359	10572.6914	38421.8203	33560.2812	34970.1406	19308.3555	13886.9551	15612.1777	37394.4062	77051.1562	
8	46974.6875	12661.5449	81122.3906	38267.2969	81525.3672	102686.1719	35451.0547	20116.1328	50719.7461	3382.8198	8221.7676	58286.3047	9427.9531	17367.6602	18659.0449	29819.0996	11327.0205	60722.4609	35307.2812	40862.9102	51204.0820	20066.8125	3922.7488	52480.2188	15322.7979	67723.0078	70431.0859	10023.4521	99577.2891	10093.5566	71210.9453	55625.5234	94193.1250	55350.2578	93985.2266	20838.9531	13340.9473	98714.8047	37586.1641	591.5298	70680.2969	95031.6875	87252.9531	205.8208	50863.8672	
9	5307.0757	17759.9844	3141.2720	40314.8281	6707.8857	8693.7246	11728.5088	73040.9531	11483.3203	30050.2812	31093.0762	518.3036	31482.0625	22854.7500	9495.7715	3780.5183	95638.2109	44086.3438	4945.9668	53154.0117	58274.1797	32646.3887	37335.5273	5416.0303	22187.6035	6672.4209	42570.7109	95753.5000	9159.3115	17628.3262	20826.2559	16542.4121	45574.7617	71294.1953	59008.6094	28083.1484	29158.6816	8787.3955	9432.2363	47293.0664	1437.6335	44590.2891	52716.5000	46471.1406	37258.1250	
10	51628.7500	7640.6313	75177.6016	19535.2734	68247.8438	93231.6094	43656.3867	7420.2661	59497.5195	6866.2769	17013.1074	51570.3828	18990.3652	7972.5898	20549.9316	30184.6211	8024.7490	36805.7305	26921.8066	20533.1250	28038.2188	33638.0312	11552.1602	40414.0781	7085.0459	53853.4141	91103.5078	8177.4272	87261.1875	12996.3848	50656.9180	66954.5625	114962.0859	30772.8809	118820.1719	8978.9355	23879.3945	86677.3516	25894.4023	6193.6011	64380.0312	115412.9688	110547.1875	3987.9265	29641.5762	
11	27855.8281	4995.0044	54292.4375	30789.3027	55905.8320	72380.3594	20252.8008	24016.7812	31894.4102	152.2963	3766.5786	36183.7539	4733.3691	10076.4111	7241.5869	14596.3984	21877.3008	49259.5195	19655.2500	35859.3984	45177.5117	12918.3994	1982.5403	33203.4570	8274.8359	45327.5938	53462.0469	20807.0391	70285.2344	2473.8213	51719.5859	36669.2188	72414.6172	51469.0781	75098.0156	14115.0898	7139.6611	69518.0938	22660.5977	1858.4518	45895.5156	72856.6406	68568.1016	1490.5391	39926.3438	
12	34801.4258	13180.2705	70470.7891	46967.3203	75927.3906	91974.6719	23585.1367	32220.4805	36299.9805	1610.1072	2577.9160	50978.0234	3184.1584	20689.0391	12818.8721	22550.2871	21969.9082	70036.7422	32924.1211	52015.4258	63399.6719	9964.7666	499.7492	50046.6836	18112.0566	64444.1172	50148.5430	19952.2598	91168.8516	5979.4697	73639.5312	39624.8242	70913.9688	69687.6094	70081.4141	25957.2461	5601.9785	90200.7188	37592.1016	321.5756	61487.9492	71738.1875	64379.2578	1017.4042	58914.2070	
13	2645.4553	23747.3457	24409.1719	70005.8203	39860.8008	38543.9844	 95.0406	84118.0859	1442.7504	18086.5488	10774.9199	19753.6113	9994.1406	36179.2344	6142.7710	5794.8086	85638.6953	85634.9922	22481.1133	83857.1797	94638.1797	5939.7075	17242.9062	31936.8691	33326.3711	38554.0859	10525.4746	83055.6797	43261.2227	9806.0508	62257.2656	2159.6536	16793.5527	108581.3828	21095.1211	45288.3320	7048.9512	42336.8438	32197.3262	28436.6953	21864.2090	16766.0352	17337.3633	30766.2676	73747.2969	
14	85543.0703	22400.2422	82011.3906	2321.4014	58316.0664	90820.1562	87046.7344	7731.9487	103133.5078	42827.8711	65005.7461	58025.5312	68712.2344	12626.7812	50327.1484	55253.1953	32281.9355	6280.6235	31418.1523	331.5001	903.3737	91986.2656	57587.3750	35221.1641	14516.0459	43508.8906	163085.0469	35906.7422	78470.1094	46280.5703	25571.0703	116511.0938	185721.6094	986.3369	199948.4062	8045.5791	75427.8906	78565.8828	22885.6445	48458.0352	70998.9297	185147.5312	188136.9688	42006.1328	5569.0361	
15	21051.0840	4413.2529	19399.7402	11385.4346	12858.9277	26597.0605	25162.9297	32648.9023	31354.0430	19090.3301	28006.6094	8360.0508	29637.6641	4033.0034	9848.6162	8516.4277	55085.2852	15748.8945	615.0864	18488.1465	22082.9336	39192.5938	28933.5938	2777.5415	4266.7861	7009.4595	72730.7031	56450.6172	22252.8027	13037.9043	9070.9346	39465.9258	83530.8125	30100.1523	96874.2344	5607.1504	30810.7285	22039.0312	255.1150	31504.6680	14030.4785	82748.1875	88541.4375	28625.9141	11083.7422	
;
param DEM_pct:=	#Demand of product 1 at retailer c at time period t
[1,*,*]:	1	2	3	4	5	:=
1	526.0000	564.0000	586.0000	505.0000	490.0000	 
2	402.0000	423.0000	545.0000	437.0000	505.0000	 
3	433.0000	559.0000	442.0000	554.0000	489.0000	 
4	550.0000	472.0000	593.0000	501.0000	481.0000	 
5	483.0000	461.0000	534.0000	435.0000	431.0000	 
6	593.0000	442.0000	562.0000	417.0000	519.0000	 
7	421.0000	472.0000	467.0000	523.0000	401.0000	 
8	455.0000	552.0000	552.0000	558.0000	515.0000	 
9	551.0000	487.0000	463.0000	562.0000	479.0000	 
10	427.0000	591.0000	426.0000	553.0000	442.0000	 
11	572.0000	525.0000	589.0000	521.0000	568.0000	 
12	499.0000	578.0000	482.0000	586.0000	529.0000	 
13	584.0000	409.0000	473.0000	580.0000	454.0000	 
14	509.0000	484.0000	402.0000	408.0000	498.0000	 
15	476.0000	578.0000	465.0000	432.0000	424.0000	 
16	482.0000	597.0000	579.0000	507.0000	504.0000	 
17	524.0000	549.0000	411.0000	588.0000	575.0000	 
18	493.0000	468.0000	506.0000	501.0000	464.0000	 
19	425.0000	545.0000	578.0000	530.0000	458.0000	 
20	487.0000	438.0000	587.0000	450.0000	471.0000	 
21	530.0000	547.0000	490.0000	428.0000	482.0000	 
22	563.0000	456.0000	482.0000	455.0000	474.0000	 
23	467.0000	496.0000	566.0000	563.0000	435.0000	 
24	447.0000	469.0000	536.0000	547.0000	547.0000	 
25	443.0000	445.0000	598.0000	518.0000	552.0000	 
26	441.0000	524.0000	459.0000	497.0000	489.0000	 
27	572.0000	472.0000	548.0000	462.0000	521.0000	 
28	571.0000	447.0000	484.0000	595.0000	565.0000	 
29	577.0000	520.0000	475.0000	428.0000	573.0000	 
30	423.0000	587.0000	586.0000	590.0000	556.0000	 
31	532.0000	478.0000	566.0000	516.0000	502.0000	 
32	427.0000	424.0000	535.0000	428.0000	540.0000	 
33	487.0000	426.0000	512.0000	558.0000	598.0000	 
34	450.0000	478.0000	497.0000	497.0000	447.0000	 
35	466.0000	418.0000	514.0000	599.0000	425.0000	 
36	544.0000	506.0000	466.0000	467.0000	597.0000	 
37	422.0000	518.0000	507.0000	589.0000	441.0000	 
38	406.0000	577.0000	465.0000	482.0000	424.0000	 
39	445.0000	445.0000	536.0000	427.0000	438.0000	 
40	480.0000	480.0000	410.0000	600.0000	568.0000	 
41	556.0000	540.0000	479.0000	534.0000	568.0000	 
42	544.0000	577.0000	556.0000	546.0000	582.0000	 
43	559.0000	466.0000	501.0000	419.0000	484.0000	 
44	528.0000	443.0000	515.0000	467.0000	446.0000	 
45	472.0000	519.0000	493.0000	489.0000	555.0000	 
[2,*,*]:	1	2	3	4	5	:=
1	528.0000	517.0000	423.0000	404.0000	475.0000	 
2	424.0000	531.0000	571.0000	547.0000	489.0000	 
3	567.0000	543.0000	504.0000	521.0000	436.0000	 
4	404.0000	584.0000	593.0000	502.0000	516.0000	 
5	558.0000	420.0000	544.0000	559.0000	448.0000	 
6	513.0000	561.0000	590.0000	483.0000	430.0000	 
7	546.0000	523.0000	499.0000	478.0000	406.0000	 
8	584.0000	476.0000	409.0000	421.0000	518.0000	 
9	407.0000	553.0000	549.0000	401.0000	529.0000	 
10	461.0000	458.0000	571.0000	414.0000	483.0000	 
11	591.0000	417.0000	521.0000	452.0000	446.0000	 
12	467.0000	543.0000	484.0000	543.0000	584.0000	 
13	583.0000	507.0000	451.0000	526.0000	418.0000	 
14	468.0000	461.0000	591.0000	512.0000	478.0000	 
15	457.0000	506.0000	506.0000	572.0000	500.0000	 
16	595.0000	410.0000	521.0000	485.0000	461.0000	 
17	497.0000	599.0000	480.0000	588.0000	506.0000	 
18	478.0000	414.0000	418.0000	573.0000	427.0000	 
19	458.0000	474.0000	414.0000	441.0000	445.0000	 
20	485.0000	427.0000	522.0000	494.0000	539.0000	 
21	440.0000	448.0000	492.0000	480.0000	465.0000	 
22	428.0000	500.0000	474.0000	476.0000	559.0000	 
23	411.0000	438.0000	591.0000	469.0000	412.0000	 
24	446.0000	415.0000	595.0000	461.0000	433.0000	 
25	420.0000	565.0000	512.0000	580.0000	478.0000	 
26	484.0000	505.0000	526.0000	503.0000	450.0000	 
27	511.0000	589.0000	512.0000	488.0000	414.0000	 
28	597.0000	404.0000	401.0000	467.0000	584.0000	 
29	469.0000	582.0000	574.0000	470.0000	512.0000	 
30	475.0000	574.0000	538.0000	537.0000	522.0000	 
31	525.0000	541.0000	574.0000	459.0000	433.0000	 
32	467.0000	557.0000	571.0000	481.0000	511.0000	 
33	560.0000	553.0000	555.0000	505.0000	532.0000	 
34	426.0000	505.0000	403.0000	491.0000	421.0000	 
35	576.0000	568.0000	519.0000	585.0000	426.0000	 
36	539.0000	483.0000	542.0000	554.0000	587.0000	 
37	590.0000	508.0000	583.0000	485.0000	545.0000	 
38	506.0000	573.0000	431.0000	552.0000	570.0000	 
39	544.0000	433.0000	529.0000	566.0000	435.0000	 
40	595.0000	462.0000	434.0000	527.0000	405.0000	 
41	520.0000	486.0000	590.0000	458.0000	497.0000	 
42	404.0000	487.0000	528.0000	435.0000	468.0000	 
43	548.0000	484.0000	449.0000	430.0000	404.0000	 
44	555.0000	492.0000	458.0000	418.0000	543.0000	 
45	574.0000	466.0000	486.0000	591.0000	456.0000	 
[3,*,*]:	1	2	3	4	5	:=
1	478.0000	482.0000	520.0000	477.0000	586.0000	 
2	556.0000	456.0000	417.0000	579.0000	550.0000	 
3	472.0000	533.0000	436.0000	469.0000	542.0000	 
4	510.0000	524.0000	510.0000	485.0000	495.0000	 
5	538.0000	597.0000	445.0000	588.0000	462.0000	 
6	504.0000	459.0000	593.0000	538.0000	464.0000	 
7	565.0000	518.0000	509.0000	488.0000	487.0000	 
8	555.0000	442.0000	429.0000	532.0000	465.0000	 
9	446.0000	441.0000	417.0000	482.0000	533.0000	 
10	563.0000	464.0000	412.0000	444.0000	425.0000	 
11	481.0000	406.0000	550.0000	514.0000	555.0000	 
12	583.0000	578.0000	459.0000	424.0000	474.0000	 
13	573.0000	576.0000	524.0000	471.0000	517.0000	 
14	449.0000	423.0000	405.0000	406.0000	583.0000	 
15	514.0000	479.0000	563.0000	516.0000	428.0000	 
16	540.0000	488.0000	524.0000	593.0000	410.0000	 
17	587.0000	436.0000	421.0000	465.0000	560.0000	 
18	462.0000	410.0000	549.0000	526.0000	549.0000	 
19	551.0000	588.0000	466.0000	568.0000	490.0000	 
20	498.0000	408.0000	577.0000	527.0000	478.0000	 
21	414.0000	451.0000	471.0000	528.0000	561.0000	 
22	474.0000	460.0000	410.0000	573.0000	443.0000	 
23	562.0000	540.0000	469.0000	445.0000	425.0000	 
24	440.0000	555.0000	594.0000	531.0000	450.0000	 
25	557.0000	523.0000	566.0000	506.0000	542.0000	 
26	437.0000	438.0000	417.0000	574.0000	502.0000	 
27	426.0000	581.0000	497.0000	434.0000	413.0000	 
28	416.0000	512.0000	474.0000	568.0000	555.0000	 
29	511.0000	472.0000	551.0000	562.0000	496.0000	 
30	535.0000	563.0000	476.0000	510.0000	443.0000	 
31	489.0000	455.0000	425.0000	562.0000	525.0000	 
32	527.0000	580.0000	562.0000	482.0000	457.0000	 
33	506.0000	575.0000	592.0000	593.0000	482.0000	 
34	514.0000	424.0000	489.0000	555.0000	433.0000	 
35	426.0000	467.0000	437.0000	434.0000	418.0000	 
36	477.0000	431.0000	584.0000	404.0000	406.0000	 
37	452.0000	574.0000	571.0000	453.0000	411.0000	 
38	548.0000	453.0000	583.0000	481.0000	496.0000	 
39	437.0000	562.0000	583.0000	566.0000	553.0000	 
40	478.0000	415.0000	405.0000	508.0000	560.0000	 
41	434.0000	478.0000	485.0000	532.0000	415.0000	 
42	410.0000	435.0000	508.0000	486.0000	593.0000	 
43	505.0000	578.0000	437.0000	404.0000	570.0000	 
44	490.0000	420.0000	514.0000	514.0000	454.0000	 
45	577.0000	566.0000	491.0000	447.0000	459.0000	 
;
param FCW_w:=	#Fixed operating cost for depot w
1	11606.5635
2	9618.3848
3	10342.8799
4	8635.2598
5	10381.2637
6	11914.7861
7	11584.4629
8	9577.5186
9	9024.2178
10	10316.0166
11	10253.2510
12	11037.8760
13	8327.1963
14	10847.1895
15	11954.3936
;
param OFF_ip:	1	2	3	:=	#Off take of raw material i for product p
1	0.50	0.50	0.50	
2	0.50	0.50	0.50	
3	0.50	0.50	0.50	
4	0.50	0.50	0.50	
5	0.50	0.50	0.50	
6	0.50	0.50	0.50	
7	0.50	0.50	0.50	
8	0.50	0.50	0.50	
9	0.50	0.50	0.50	
10	0.50	0.50	0.50	
;
param PS_m:=	#Storage capacity at manufacturer m
1	113415.0000
2	154655.0000
3	166518.0000
;
param PS_w:=	#Storage capacity at depot w
1	231393.0000
2	107985.0000
3	87602.0000
4	140386.0000
5	232167.0000
6	124974.0000
7	111955.0000
8	205048.0000
9	90321.0000
10	201560.0000
11	163232.0000
12	157951.0000
13	222007.0000
14	149001.0000
15	166364.0000
;
param PS_h:=	#Storage capacity in hybrid facility h
1	129639.0000
2	222967.0000
3	219529.0000
4	212105.0000
5	92363.0000
6	158825.0000
7	167880.0000
8	170943.0000
9	247815.0000
10	112501.0000
;
param W_p:=	#Weight of product p
1	1.00
2	1.00
3	1.00
;
param B_p:=	#Disposal rate of product p (rand [0,1])
1	  0.0400
2	  0.0400
3	  0.0400
;
param CI_ph:	1	2	3	4	5	6	7	8	9	10	:=	#Inventory holding cost per unit of product p at hybrid facility h
1	3	3	3	3	3	3	3	3	3	3	 
2	3	3	3	3	3	3	3	3	3	3	 
3	3	3	3	3	3	3	3	3	3	3	 
;
param CT_mw:=	#Cost of transportation/unit weight from manufacturer m to depot w
[1,*,*]:1	2	3	4	5	6	7	8	9	10	11	12	13	14	15	:=
1	133175.1719	111097.6328	61777.6836	2699.8472	98862.3047	15203.9131	21497.6836	120234.4453	22952.3242	126144.9453	88165.0391	99405.8438	27347.2344	159096.7656	60799.5859	 
2	135907.9375	111025.5469	60527.1562	3205.8130	94880.0859	18812.7012	23824.8301	123333.4375	22230.5020	127687.7812	90481.4531	102941.9844	29889.3984	156768.7031	59594.4141	 
3	138949.3281	112266.6406	60744.4883	3879.9443	93516.1406	21259.7617	25867.7148	126526.9844	22463.3086	129988.6094	93048.1719	106277.5781	32121.6328	156795.3125	59834.3203	 
[2,*,*]:1	2	3	4	5	6	7	8	9	10	11	12	13	14	15	:=
1	133175.1719	111097.6328	61777.6836	2699.8472	98862.3047	15203.9131	21497.6836	120234.4453	22952.3242	126144.9453	88165.0391	99405.8438	27347.2344	159096.7656	60799.5859	 
2	135907.9375	111025.5469	60527.1562	3205.8130	94880.0859	18812.7012	23824.8301	123333.4375	22230.5020	127687.7812	90481.4531	102941.9844	29889.3984	156768.7031	59594.4141	 
3	138949.3281	112266.6406	60744.4883	3879.9443	93516.1406	21259.7617	25867.7148	126526.9844	22463.3086	129988.6094	93048.1719	106277.5781	32121.6328	156795.3125	59834.3203	 
[3,*,*]:1	2	3	4	5	6	7	8	9	10	11	12	13	14	15	:=
1	133175.1719	111097.6328	61777.6836	2699.8472	98862.3047	15203.9131	21497.6836	120234.4453	22952.3242	126144.9453	88165.0391	99405.8438	27347.2344	159096.7656	60799.5859	 
2	135907.9375	111025.5469	60527.1562	3205.8130	94880.0859	18812.7012	23824.8301	123333.4375	22230.5020	127687.7812	90481.4531	102941.9844	29889.3984	156768.7031	59594.4141	 
3	138949.3281	112266.6406	60744.4883	3879.9443	93516.1406	21259.7617	25867.7148	126526.9844	22463.3086	129988.6094	93048.1719	106277.5781	32121.6328	156795.3125	59834.3203	 
;
param CT_hc:=	#Cost of transportation/unit weight from hybrid facility h, to retailer c
[1,*,*]:1	2	3	4	5	6	7	8	9	10	11	12	13	14	15	16	17	18	19	20	21	22	23	24	25	26	27	28	29	30	31	32	33	34	35	36	37	38	39	40	41	42	43	44	45	:=
1	26021.7852	30421.0781	6001.8438	34410.5898	134.3638	5230.7144	39021.5195	80420.0000	37937.8320	56256.5039	63972.8906	4437.6836	65303.9297	29733.5820	29885.7383	20399.1816	118758.8047	29353.3770	9470.4053	46179.7891	46986.2891	70826.8828	69756.2109	3318.0811	30749.0508	731.0542	86031.5469	120958.8594	2256.1462	41087.8906	7087.7065	46408.6836	87022.6328	59042.9336	107276.0000	31862.2070	63636.3672	2305.7251	9783.4629	78386.1094	4726.5249	85334.0703	98978.4062	75096.6719	26424.3008	 
2	21463.2305	85825.3906	44489.0391	156861.8125	75718.6953	56941.3828	21534.3594	186166.2812	13605.9277	75163.9766	55637.6484	51968.0938	52942.4297	106879.6484	47405.0742	41100.6211	186148.0156	172623.6562	72349.5312	179185.3906	192673.0781	36181.1914	69896.1328	80087.2812	102525.5938	82805.3594	5792.9380	181510.2031	69048.7578	57919.4766	124992.0312	9493.9805	937.5087	214008.3906	4602.5767	121658.1094	44832.9102	67846.6641	89591.4453	91993.3984	47232.6016	695.4255	4041.7388	97595.4219	157147.5625	 
3	3897.8220	8788.8643	18417.1016	40400.0430	25459.4023	30631.6953	3080.8154	55011.4414	6918.6079	9849.8916	8806.3418	10489.5000	8968.0371	16384.3574	465.6049	474.1232	63048.4922	52595.8906	8097.2261	51271.5664	59574.1055	10441.1768	12735.9580	15528.6963	14633.2969	21850.9258	27659.7344	61889.6523	31786.2578	3231.4871	36953.6289	10410.7461	36526.5977	70905.9297	43642.0469	22583.2969	7840.6133	31108.0664	13927.9297	20113.7891	14433.3809	36293.5312	38144.3008	20502.8828	43294.6641	 
4	37920.0820	3552.5640	39645.5430	3453.4883	28074.1660	48999.2188	39395.7695	14929.7598	49955.5820	17491.1953	30441.1445	22899.3418	32727.3750	561.7261	16667.2930	18854.8848	34581.0820	9708.3789	7059.0337	6971.8516	10299.3438	47049.5469	27956.2266	11459.9062	1100.6409	18299.7109	95193.2969	36412.3281	42082.4531	16088.4238	13748.7217	59491.1523	111454.8203	15195.7793	123578.0859	264.1738	36084.5156	41900.7734	4227.4351	25903.4492	31796.5820	110924.5703	114246.7812	22094.2168	5799.7754	 
5	14828.0332	32030.6875	710.6478	47731.9023	1551.5781	1524.2491	26386.1719	93181.7031	23362.1523	52427.7031	55148.3828	1696.6910	55729.0352	35205.8711	24125.3828	14407.3789	126215.1328	45476.7227	10733.0684	61849.3711	64652.4805	56865.8359	62926.3438	6250.8027	35336.7266	3943.6638	62105.7422	127272.8906	1384.6851	35991.6953	17137.7129	29615.3203	61086.2188	78767.3516	79048.3672	39653.9297	52628.9375	1236.0258	14143.3691	74562.8828	557.1591	59567.6406	72139.5312	72825.1094	40471.6758	 
6	51997.7031	9666.9980	79864.9922	25892.3984	75114.2500	99463.0000	42413.2148	10454.7344	58520.6953	5643.9526	14256.5381	55918.5820	16018.5137	11341.6309	20844.8379	31434.0547	7254.6553	45301.6328	31003.2227	27091.9062	35624.0156	29696.3262	8853.8418	46112.1484	10056.5146	60509.4961	86120.1094	6916.0684	94276.0312	12500.7305	59076.8867	65183.7500	110542.2344	38541.8516	112751.9297	13060.6377	20783.7500	93591.9219	30935.9980	3742.8362	68927.6250	111165.2344	104943.2188	2112.9048	37216.9297	 
7	43415.8750	9240.6855	73931.0469	32045.6953	73043.4219	94119.6406	33359.0742	17268.3633	48068.6953	2549.5488	8257.6152	51818.4570	9578.5723	13112.1621	15967.1934	26100.9922	11664.2295	52684.1523	29698.9570	34773.0234	44336.5000	20588.2656	4188.0220	45433.5586	11352.1182	59720.8203	70587.0000	10705.4443	90608.2422	8320.3604	62368.5938	53477.7031	93470.6875	48591.4414	94643.8203	16179.5928	13412.0195	89821.2031	31429.6680	1036.5117	63797.4219	94154.9922	87630.6875	277.6910	43481.0078	 
8	23413.0332	1329.8960	42603.7422	21813.6777	41820.6055	57923.4766	18772.2734	21960.9102	29188.7988	1601.1315	6810.8472	26081.9473	7984.8247	4843.1074	4792.0684	10026.5273	26169.5742	36654.2773	11476.2568	27245.3438	35040.4336	16763.6289	5575.7676	22129.6387	3593.3953	32298.6719	56170.8672	25764.6074	55109.5781	1939.9663	37225.8438	34913.4258	73238.7500	41635.1797	78675.1172	8140.3384	10172.2021	54490.0000	13473.2588	5937.3838	34884.7500	73369.9766	71620.9062	4861.6807	28589.5430	 
9	6783.7207	47232.9453	30360.8984	105561.9609	53329.5000	44213.7422	4904.8105	125326.5078	2285.8042	38441.4961	25355.1914	30897.1094	23676.6992	63817.1328	20045.7363	17379.8027	125063.2969	121874.5938	41244.1211	123166.3984	135427.9844	13798.1045	35237.0586	50423.6641	60193.4258	55620.9844	2829.6479	121440.6250	52382.4219	26465.0332	87899.3594	664.9652	4412.4482	152647.9062	7954.3223	75606.6641	18443.5273	51307.6172	54522.5781	51257.4375	30080.9707	4341.7144	5726.3003	55182.2969	108153.0000	 
10	1575.6073	23041.7070	4405.4165	54506.7461	13004.4326	11390.0303	6645.1548	86070.4375	5156.3887	30901.8594	28217.9688	3419.4634	28050.7754	31054.9199	9405.4453	3760.0320	104195.7109	60670.7422	10479.9639	68974.8438	75682.2891	26032.3203	35817.3086	12456.8242	29698.1074	14128.1914	29000.4336	103425.6562	13949.8418	17798.3008	33303.1328	8534.4434	30783.8672	90131.5547	42285.1562	38013.6406	24733.5078	13420.7344	17278.8262	47857.9414	3424.1238	29954.5430	37037.9297	48216.9844	52226.9844	 
[2,*,*]:1	2	3	4	5	6	7	8	9	10	11	12	13	14	15	16	17	18	19	20	21	22	23	24	25	26	27	28	29	30	31	32	33	34	35	36	37	38	39	40	41	42	43	44	45	:=
1	26021.7852	30421.0781	6001.8438	34410.5898	134.3638	5230.7144	39021.5195	80420.0000	37937.8320	56256.5039	63972.8906	4437.6836	65303.9297	29733.5820	29885.7383	20399.1816	118758.8047	29353.3770	9470.4053	46179.7891	46986.2891	70826.8828	69756.2109	3318.0811	30749.0508	731.0542	86031.5469	120958.8594	2256.1462	41087.8906	7087.7065	46408.6836	87022.6328	59042.9336	107276.0000	31862.2070	63636.3672	2305.7251	9783.4629	78386.1094	4726.5249	85334.0703	98978.4062	75096.6719	26424.3008	 
2	21463.2305	85825.3906	44489.0391	156861.8125	75718.6953	56941.3828	21534.3594	186166.2812	13605.9277	75163.9766	55637.6484	51968.0938	52942.4297	106879.6484	47405.0742	41100.6211	186148.0156	172623.6562	72349.5312	179185.3906	192673.0781	36181.1914	69896.1328	80087.2812	102525.5938	82805.3594	5792.9380	181510.2031	69048.7578	57919.4766	124992.0312	9493.9805	937.5087	214008.3906	4602.5767	121658.1094	44832.9102	67846.6641	89591.4453	91993.3984	47232.6016	695.4255	4041.7388	97595.4219	157147.5625	 
3	3897.8220	8788.8643	18417.1016	40400.0430	25459.4023	30631.6953	3080.8154	55011.4414	6918.6079	9849.8916	8806.3418	10489.5000	8968.0371	16384.3574	465.6049	474.1232	63048.4922	52595.8906	8097.2261	51271.5664	59574.1055	10441.1768	12735.9580	15528.6963	14633.2969	21850.9258	27659.7344	61889.6523	31786.2578	3231.4871	36953.6289	10410.7461	36526.5977	70905.9297	43642.0469	22583.2969	7840.6133	31108.0664	13927.9297	20113.7891	14433.3809	36293.5312	38144.3008	20502.8828	43294.6641	 
4	37920.0820	3552.5640	39645.5430	3453.4883	28074.1660	48999.2188	39395.7695	14929.7598	49955.5820	17491.1953	30441.1445	22899.3418	32727.3750	561.7261	16667.2930	18854.8848	34581.0820	9708.3789	7059.0337	6971.8516	10299.3438	47049.5469	27956.2266	11459.9062	1100.6409	18299.7109	95193.2969	36412.3281	42082.4531	16088.4238	13748.7217	59491.1523	111454.8203	15195.7793	123578.0859	264.1738	36084.5156	41900.7734	4227.4351	25903.4492	31796.5820	110924.5703	114246.7812	22094.2168	5799.7754	 
5	14828.0332	32030.6875	710.6478	47731.9023	1551.5781	1524.2491	26386.1719	93181.7031	23362.1523	52427.7031	55148.3828	1696.6910	55729.0352	35205.8711	24125.3828	14407.3789	126215.1328	45476.7227	10733.0684	61849.3711	64652.4805	56865.8359	62926.3438	6250.8027	35336.7266	3943.6638	62105.7422	127272.8906	1384.6851	35991.6953	17137.7129	29615.3203	61086.2188	78767.3516	79048.3672	39653.9297	52628.9375	1236.0258	14143.3691	74562.8828	557.1591	59567.6406	72139.5312	72825.1094	40471.6758	 
6	51997.7031	9666.9980	79864.9922	25892.3984	75114.2500	99463.0000	42413.2148	10454.7344	58520.6953	5643.9526	14256.5381	55918.5820	16018.5137	11341.6309	20844.8379	31434.0547	7254.6553	45301.6328	31003.2227	27091.9062	35624.0156	29696.3262	8853.8418	46112.1484	10056.5146	60509.4961	86120.1094	6916.0684	94276.0312	12500.7305	59076.8867	65183.7500	110542.2344	38541.8516	112751.9297	13060.6377	20783.7500	93591.9219	30935.9980	3742.8362	68927.6250	111165.2344	104943.2188	2112.9048	37216.9297	 
7	43415.8750	9240.6855	73931.0469	32045.6953	73043.4219	94119.6406	33359.0742	17268.3633	48068.6953	2549.5488	8257.6152	51818.4570	9578.5723	13112.1621	15967.1934	26100.9922	11664.2295	52684.1523	29698.9570	34773.0234	44336.5000	20588.2656	4188.0220	45433.5586	11352.1182	59720.8203	70587.0000	10705.4443	90608.2422	8320.3604	62368.5938	53477.7031	93470.6875	48591.4414	94643.8203	16179.5928	13412.0195	89821.2031	31429.6680	1036.5117	63797.4219	94154.9922	87630.6875	277.6910	43481.0078	 
8	23413.0332	1329.8960	42603.7422	21813.6777	41820.6055	57923.4766	18772.2734	21960.9102	29188.7988	1601.1315	6810.8472	26081.9473	7984.8247	4843.1074	4792.0684	10026.5273	26169.5742	36654.2773	11476.2568	27245.3438	35040.4336	16763.6289	5575.7676	22129.6387	3593.3953	32298.6719	56170.8672	25764.6074	55109.5781	1939.9663	37225.8438	34913.4258	73238.7500	41635.1797	78675.1172	8140.3384	10172.2021	54490.0000	13473.2588	5937.3838	34884.7500	73369.9766	71620.9062	4861.6807	28589.5430	 
9	6783.7207	47232.9453	30360.8984	105561.9609	53329.5000	44213.7422	4904.8105	125326.5078	2285.8042	38441.4961	25355.1914	30897.1094	23676.6992	63817.1328	20045.7363	17379.8027	125063.2969	121874.5938	41244.1211	123166.3984	135427.9844	13798.1045	35237.0586	50423.6641	60193.4258	55620.9844	2829.6479	121440.6250	52382.4219	26465.0332	87899.3594	664.9652	4412.4482	152647.9062	7954.3223	75606.6641	18443.5273	51307.6172	54522.5781	51257.4375	30080.9707	4341.7144	5726.3003	55182.2969	108153.0000	 
10	1575.6073	23041.7070	4405.4165	54506.7461	13004.4326	11390.0303	6645.1548	86070.4375	5156.3887	30901.8594	28217.9688	3419.4634	28050.7754	31054.9199	9405.4453	3760.0320	104195.7109	60670.7422	10479.9639	68974.8438	75682.2891	26032.3203	35817.3086	12456.8242	29698.1074	14128.1914	29000.4336	103425.6562	13949.8418	17798.3008	33303.1328	8534.4434	30783.8672	90131.5547	42285.1562	38013.6406	24733.5078	13420.7344	17278.8262	47857.9414	3424.1238	29954.5430	37037.9297	48216.9844	52226.9844	 
[3,*,*]:1	2	3	4	5	6	7	8	9	10	11	12	13	14	15	16	17	18	19	20	21	22	23	24	25	26	27	28	29	30	31	32	33	34	35	36	37	38	39	40	41	42	43	44	45	:=
1	26021.7852	30421.0781	6001.8438	34410.5898	134.3638	5230.7144	39021.5195	80420.0000	37937.8320	56256.5039	63972.8906	4437.6836	65303.9297	29733.5820	29885.7383	20399.1816	118758.8047	29353.3770	9470.4053	46179.7891	46986.2891	70826.8828	69756.2109	3318.0811	30749.0508	731.0542	86031.5469	120958.8594	2256.1462	41087.8906	7087.7065	46408.6836	87022.6328	59042.9336	107276.0000	31862.2070	63636.3672	2305.7251	9783.4629	78386.1094	4726.5249	85334.0703	98978.4062	75096.6719	26424.3008	 
2	21463.2305	85825.3906	44489.0391	156861.8125	75718.6953	56941.3828	21534.3594	186166.2812	13605.9277	75163.9766	55637.6484	51968.0938	52942.4297	106879.6484	47405.0742	41100.6211	186148.0156	172623.6562	72349.5312	179185.3906	192673.0781	36181.1914	69896.1328	80087.2812	102525.5938	82805.3594	5792.9380	181510.2031	69048.7578	57919.4766	124992.0312	9493.9805	937.5087	214008.3906	4602.5767	121658.1094	44832.9102	67846.6641	89591.4453	91993.3984	47232.6016	695.4255	4041.7388	97595.4219	157147.5625	 
3	3897.8220	8788.8643	18417.1016	40400.0430	25459.4023	30631.6953	3080.8154	55011.4414	6918.6079	9849.8916	8806.3418	10489.5000	8968.0371	16384.3574	465.6049	474.1232	63048.4922	52595.8906	8097.2261	51271.5664	59574.1055	10441.1768	12735.9580	15528.6963	14633.2969	21850.9258	27659.7344	61889.6523	31786.2578	3231.4871	36953.6289	10410.7461	36526.5977	70905.9297	43642.0469	22583.2969	7840.6133	31108.0664	13927.9297	20113.7891	14433.3809	36293.5312	38144.3008	20502.8828	43294.6641	 
4	37920.0820	3552.5640	39645.5430	3453.4883	28074.1660	48999.2188	39395.7695	14929.7598	49955.5820	17491.1953	30441.1445	22899.3418	32727.3750	561.7261	16667.2930	18854.8848	34581.0820	9708.3789	7059.0337	6971.8516	10299.3438	47049.5469	27956.2266	11459.9062	1100.6409	18299.7109	95193.2969	36412.3281	42082.4531	16088.4238	13748.7217	59491.1523	111454.8203	15195.7793	123578.0859	264.1738	36084.5156	41900.7734	4227.4351	25903.4492	31796.5820	110924.5703	114246.7812	22094.2168	5799.7754	 
5	14828.0332	32030.6875	710.6478	47731.9023	1551.5781	1524.2491	26386.1719	93181.7031	23362.1523	52427.7031	55148.3828	1696.6910	55729.0352	35205.8711	24125.3828	14407.3789	126215.1328	45476.7227	10733.0684	61849.3711	64652.4805	56865.8359	62926.3438	6250.8027	35336.7266	3943.6638	62105.7422	127272.8906	1384.6851	35991.6953	17137.7129	29615.3203	61086.2188	78767.3516	79048.3672	39653.9297	52628.9375	1236.0258	14143.3691	74562.8828	557.1591	59567.6406	72139.5312	72825.1094	40471.6758	 
6	51997.7031	9666.9980	79864.9922	25892.3984	75114.2500	99463.0000	42413.2148	10454.7344	58520.6953	5643.9526	14256.5381	55918.5820	16018.5137	11341.6309	20844.8379	31434.0547	7254.6553	45301.6328	31003.2227	27091.9062	35624.0156	29696.3262	8853.8418	46112.1484	10056.5146	60509.4961	86120.1094	6916.0684	94276.0312	12500.7305	59076.8867	65183.7500	110542.2344	38541.8516	112751.9297	13060.6377	20783.7500	93591.9219	30935.9980	3742.8362	68927.6250	111165.2344	104943.2188	2112.9048	37216.9297	 
7	43415.8750	9240.6855	73931.0469	32045.6953	73043.4219	94119.6406	33359.0742	17268.3633	48068.6953	2549.5488	8257.6152	51818.4570	9578.5723	13112.1621	15967.1934	26100.9922	11664.2295	52684.1523	29698.9570	34773.0234	44336.5000	20588.2656	4188.0220	45433.5586	11352.1182	59720.8203	70587.0000	10705.4443	90608.2422	8320.3604	62368.5938	53477.7031	93470.6875	48591.4414	94643.8203	16179.5928	13412.0195	89821.2031	31429.6680	1036.5117	63797.4219	94154.9922	87630.6875	277.6910	43481.0078	 
8	23413.0332	1329.8960	42603.7422	21813.6777	41820.6055	57923.4766	18772.2734	21960.9102	29188.7988	1601.1315	6810.8472	26081.9473	7984.8247	4843.1074	4792.0684	10026.5273	26169.5742	36654.2773	11476.2568	27245.3438	35040.4336	16763.6289	5575.7676	22129.6387	3593.3953	32298.6719	56170.8672	25764.6074	55109.5781	1939.9663	37225.8438	34913.4258	73238.7500	41635.1797	78675.1172	8140.3384	10172.2021	54490.0000	13473.2588	5937.3838	34884.7500	73369.9766	71620.9062	4861.6807	28589.5430	 
9	6783.7207	47232.9453	30360.8984	105561.9609	53329.5000	44213.7422	4904.8105	125326.5078	2285.8042	38441.4961	25355.1914	30897.1094	23676.6992	63817.1328	20045.7363	17379.8027	125063.2969	121874.5938	41244.1211	123166.3984	135427.9844	13798.1045	35237.0586	50423.6641	60193.4258	55620.9844	2829.6479	121440.6250	52382.4219	26465.0332	87899.3594	664.9652	4412.4482	152647.9062	7954.3223	75606.6641	18443.5273	51307.6172	54522.5781	51257.4375	30080.9707	4341.7144	5726.3003	55182.2969	108153.0000	 
10	1575.6073	23041.7070	4405.4165	54506.7461	13004.4326	11390.0303	6645.1548	86070.4375	5156.3887	30901.8594	28217.9688	3419.4634	28050.7754	31054.9199	9405.4453	3760.0320	104195.7109	60670.7422	10479.9639	68974.8438	75682.2891	26032.3203	35817.3086	12456.8242	29698.1074	14128.1914	29000.4336	103425.6562	13949.8418	17798.3008	33303.1328	8534.4434	30783.8672	90131.5547	42285.1562	38013.6406	24733.5078	13420.7344	17278.8262	47857.9414	3424.1238	29954.5430	37037.9297	48216.9844	52226.9844	 
;
param CT_ch:=	#Cost of transportation/unit weight from retailer c to hybrid facility h
[1,*,*]:1	2	3	4	5	6	7	8	9	10	:=
1	26021.7852	21463.2305	3897.8220	37920.0820	14828.0332	51997.7031	43415.8750	23413.0332	6783.7207	1575.6073	 
2	30421.0781	85825.3906	8788.8643	3552.5640	32030.6875	9666.9980	9240.6855	1329.8960	47232.9453	23041.7070	 
3	6001.8438	44489.0391	18417.1016	39645.5430	710.6478	79864.9922	73931.0469	42603.7422	30360.8984	4405.4165	 
4	34410.5898	156861.8125	40400.0430	3453.4883	47731.9023	25892.3984	32045.6953	21813.6777	105561.9609	54506.7461	 
5	134.3638	75718.6953	25459.4023	28074.1660	1551.5781	75114.2500	73043.4219	41820.6055	53329.5000	13004.4326	 
6	5230.7144	56941.3828	30631.6953	48999.2188	1524.2491	99463.0000	94119.6406	57923.4766	44213.7422	11390.0303	 
7	39021.5195	21534.3594	3080.8154	39395.7695	26386.1719	42413.2148	33359.0742	18772.2734	4904.8105	6645.1548	 
8	80420.0000	186166.2812	55011.4414	14929.7598	93181.7031	10454.7344	17268.3633	21960.9102	125326.5078	86070.4375	 
9	37937.8320	13605.9277	6918.6079	49955.5820	23362.1523	58520.6953	48068.6953	29188.7988	2285.8042	5156.3887	 
10	56256.5039	75163.9766	9849.8916	17491.1953	52427.7031	5643.9526	2549.5488	1601.1315	38441.4961	30901.8594	 
11	63972.8906	55637.6484	8806.3418	30441.1445	55148.3828	14256.5381	8257.6152	6810.8472	25355.1914	28217.9688	 
12	4437.6836	51968.0938	10489.5000	22899.3418	1696.6910	55918.5820	51818.4570	26081.9473	30897.1094	3419.4634	 
13	65303.9297	52942.4297	8968.0371	32727.3750	55729.0352	16018.5137	9578.5723	7984.8247	23676.6992	28050.7754	 
14	29733.5820	106879.6484	16384.3574	561.7261	35205.8711	11341.6309	13112.1621	4843.1074	63817.1328	31054.9199	 
15	29885.7383	47405.0742	465.6049	16667.2930	24125.3828	20844.8379	15967.1934	4792.0684	20045.7363	9405.4453	 
16	20399.1816	41100.6211	474.1232	18854.8848	14407.3789	31434.0547	26100.9922	10026.5273	17379.8027	3760.0320	 
17	118758.8047	186148.0156	63048.4922	34581.0820	126215.1328	7254.6553	11664.2295	26169.5742	125063.2969	104195.7109	 
18	29353.3770	172623.6562	52595.8906	9708.3789	45476.7227	45301.6328	52684.1523	36654.2773	121874.5938	60670.7422	 
19	9470.4053	72349.5312	8097.2261	7059.0337	10733.0684	31003.2227	29698.9570	11476.2568	41244.1211	10479.9639	 
20	46179.7891	179185.3906	51271.5664	6971.8516	61849.3711	27091.9062	34773.0234	27245.3438	123166.3984	68974.8438	 
21	46986.2891	192673.0781	59574.1055	10299.3438	64652.4805	35624.0156	44336.5000	35040.4336	135427.9844	75682.2891	 
22	70826.8828	36181.1914	10441.1768	47049.5469	56865.8359	29696.3262	20588.2656	16763.6289	13798.1045	26032.3203	 
23	69756.2109	69896.1328	12735.9580	27956.2266	62926.3438	8853.8418	4188.0220	5575.7676	35237.0586	35817.3086	 
24	3318.0811	80087.2812	15528.6963	11459.9062	6250.8027	46112.1484	45433.5586	22129.6387	50423.6641	12456.8242	 
25	30749.0508	102525.5938	14633.2969	1100.6409	35336.7266	10056.5146	11352.1182	3593.3953	60193.4258	29698.1074	 
26	731.0542	82805.3594	21850.9258	18299.7109	3943.6638	60509.4961	59720.8203	32298.6719	55620.9844	14128.1914	 
27	86031.5469	5792.9380	27659.7344	95193.2969	62105.7422	86120.1094	70587.0000	56170.8672	2829.6479	29000.4336	 
28	120958.8594	181510.2031	61889.6523	36412.3281	127272.8906	6916.0684	10705.4443	25764.6074	121440.6250	103425.6562	 
29	2256.1462	69048.7578	31786.2578	42082.4531	1384.6851	94276.0312	90608.2422	55109.5781	52382.4219	13949.8418	 
30	41087.8906	57919.4766	3231.4871	16088.4238	35991.6953	12500.7305	8320.3604	1939.9663	26465.0332	17798.3008	 
31	7087.7065	124992.0312	36953.6289	13748.7217	17137.7129	59076.8867	62368.5938	37225.8438	87899.3594	33303.1328	 
32	46408.6836	9493.9805	10410.7461	59491.1523	29615.3203	65183.7500	53477.7031	34913.4258	664.9652	8534.4434	 
33	87022.6328	937.5087	36526.5977	111454.8203	61086.2188	110542.2344	93470.6875	73238.7500	4412.4482	30783.8672	 
34	59042.9336	214008.3906	70905.9297	15195.7793	78767.3516	38541.8516	48591.4414	41635.1797	152647.9062	90131.5547	 
35	107276.0000	4602.5767	43642.0469	123578.0859	79048.3672	112751.9297	94643.8203	78675.1172	7954.3223	42285.1562	 
36	31862.2070	121658.1094	22583.2969	264.1738	39653.9297	13060.6377	16179.5928	8140.3384	75606.6641	38013.6406	 
37	63636.3672	44832.9102	7840.6133	36084.5156	52628.9375	20783.7500	13412.0195	10172.2021	18443.5273	24733.5078	 
38	2305.7251	67846.6641	31108.0664	41900.7734	1236.0258	93591.9219	89821.2031	54490.0000	51307.6172	13420.7344	 
39	9783.4629	89591.4453	13927.9297	4227.4351	14143.3691	30935.9980	31429.6680	13473.2588	54522.5781	17278.8262	 
40	78386.1094	91993.3984	20113.7891	25903.4492	74562.8828	3742.8362	1036.5117	5937.3838	51257.4375	47857.9414	 
41	4726.5249	47232.6016	14433.3809	31796.5820	557.1591	68927.6250	63797.4219	34884.7500	30080.9707	3424.1238	 
42	85334.0703	695.4255	36293.5312	110924.5703	59567.6406	111165.2344	94154.9922	73369.9766	4341.7144	29954.5430	 
43	98978.4062	4041.7388	38144.3008	114246.7812	72139.5312	104943.2188	87630.6875	71620.9062	5726.3003	37037.9297	 
44	75096.6719	97595.4219	20502.8828	22094.2168	72825.1094	2112.9048	277.6910	4861.6807	55182.2969	48216.9844	 
45	26424.3008	157147.5625	43294.6641	5799.7754	40471.6758	37216.9297	43481.0078	28589.5430	108153.0000	52226.9844	 
[2,*,*]:1	2	3	4	5	6	7	8	9	10	:=
1	26021.7852	21463.2305	3897.8220	37920.0820	14828.0332	51997.7031	43415.8750	23413.0332	6783.7207	1575.6073	 
2	30421.0781	85825.3906	8788.8643	3552.5640	32030.6875	9666.9980	9240.6855	1329.8960	47232.9453	23041.7070	 
3	6001.8438	44489.0391	18417.1016	39645.5430	710.6478	79864.9922	73931.0469	42603.7422	30360.8984	4405.4165	 
4	34410.5898	156861.8125	40400.0430	3453.4883	47731.9023	25892.3984	32045.6953	21813.6777	105561.9609	54506.7461	 
5	134.3638	75718.6953	25459.4023	28074.1660	1551.5781	75114.2500	73043.4219	41820.6055	53329.5000	13004.4326	 
6	5230.7144	56941.3828	30631.6953	48999.2188	1524.2491	99463.0000	94119.6406	57923.4766	44213.7422	11390.0303	 
7	39021.5195	21534.3594	3080.8154	39395.7695	26386.1719	42413.2148	33359.0742	18772.2734	4904.8105	6645.1548	 
8	80420.0000	186166.2812	55011.4414	14929.7598	93181.7031	10454.7344	17268.3633	21960.9102	125326.5078	86070.4375	 
9	37937.8320	13605.9277	6918.6079	49955.5820	23362.1523	58520.6953	48068.6953	29188.7988	2285.8042	5156.3887	 
10	56256.5039	75163.9766	9849.8916	17491.1953	52427.7031	5643.9526	2549.5488	1601.1315	38441.4961	30901.8594	 
11	63972.8906	55637.6484	8806.3418	30441.1445	55148.3828	14256.5381	8257.6152	6810.8472	25355.1914	28217.9688	 
12	4437.6836	51968.0938	10489.5000	22899.3418	1696.6910	55918.5820	51818.4570	26081.9473	30897.1094	3419.4634	 
13	65303.9297	52942.4297	8968.0371	32727.3750	55729.0352	16018.5137	9578.5723	7984.8247	23676.6992	28050.7754	 
14	29733.5820	106879.6484	16384.3574	561.7261	35205.8711	11341.6309	13112.1621	4843.1074	63817.1328	31054.9199	 
15	29885.7383	47405.0742	465.6049	16667.2930	24125.3828	20844.8379	15967.1934	4792.0684	20045.7363	9405.4453	 
16	20399.1816	41100.6211	474.1232	18854.8848	14407.3789	31434.0547	26100.9922	10026.5273	17379.8027	3760.0320	 
17	118758.8047	186148.0156	63048.4922	34581.0820	126215.1328	7254.6553	11664.2295	26169.5742	125063.2969	104195.7109	 
18	29353.3770	172623.6562	52595.8906	9708.3789	45476.7227	45301.6328	52684.1523	36654.2773	121874.5938	60670.7422	 
19	9470.4053	72349.5312	8097.2261	7059.0337	10733.0684	31003.2227	29698.9570	11476.2568	41244.1211	10479.9639	 
20	46179.7891	179185.3906	51271.5664	6971.8516	61849.3711	27091.9062	34773.0234	27245.3438	123166.3984	68974.8438	 
21	46986.2891	192673.0781	59574.1055	10299.3438	64652.4805	35624.0156	44336.5000	35040.4336	135427.9844	75682.2891	 
22	70826.8828	36181.1914	10441.1768	47049.5469	56865.8359	29696.3262	20588.2656	16763.6289	13798.1045	26032.3203	 
23	69756.2109	69896.1328	12735.9580	27956.2266	62926.3438	8853.8418	4188.0220	5575.7676	35237.0586	35817.3086	 
24	3318.0811	80087.2812	15528.6963	11459.9062	6250.8027	46112.1484	45433.5586	22129.6387	50423.6641	12456.8242	 
25	30749.0508	102525.5938	14633.2969	1100.6409	35336.7266	10056.5146	11352.1182	3593.3953	60193.4258	29698.1074	 
26	731.0542	82805.3594	21850.9258	18299.7109	3943.6638	60509.4961	59720.8203	32298.6719	55620.9844	14128.1914	 
27	86031.5469	5792.9380	27659.7344	95193.2969	62105.7422	86120.1094	70587.0000	56170.8672	2829.6479	29000.4336	 
28	120958.8594	181510.2031	61889.6523	36412.3281	127272.8906	6916.0684	10705.4443	25764.6074	121440.6250	103425.6562	 
29	2256.1462	69048.7578	31786.2578	42082.4531	1384.6851	94276.0312	90608.2422	55109.5781	52382.4219	13949.8418	 
30	41087.8906	57919.4766	3231.4871	16088.4238	35991.6953	12500.7305	8320.3604	1939.9663	26465.0332	17798.3008	 
31	7087.7065	124992.0312	36953.6289	13748.7217	17137.7129	59076.8867	62368.5938	37225.8438	87899.3594	33303.1328	 
32	46408.6836	9493.9805	10410.7461	59491.1523	29615.3203	65183.7500	53477.7031	34913.4258	664.9652	8534.4434	 
33	87022.6328	937.5087	36526.5977	111454.8203	61086.2188	110542.2344	93470.6875	73238.7500	4412.4482	30783.8672	 
34	59042.9336	214008.3906	70905.9297	15195.7793	78767.3516	38541.8516	48591.4414	41635.1797	152647.9062	90131.5547	 
35	107276.0000	4602.5767	43642.0469	123578.0859	79048.3672	112751.9297	94643.8203	78675.1172	7954.3223	42285.1562	 
36	31862.2070	121658.1094	22583.2969	264.1738	39653.9297	13060.6377	16179.5928	8140.3384	75606.6641	38013.6406	 
37	63636.3672	44832.9102	7840.6133	36084.5156	52628.9375	20783.7500	13412.0195	10172.2021	18443.5273	24733.5078	 
38	2305.7251	67846.6641	31108.0664	41900.7734	1236.0258	93591.9219	89821.2031	54490.0000	51307.6172	13420.7344	 
39	9783.4629	89591.4453	13927.9297	4227.4351	14143.3691	30935.9980	31429.6680	13473.2588	54522.5781	17278.8262	 
40	78386.1094	91993.3984	20113.7891	25903.4492	74562.8828	3742.8362	1036.5117	5937.3838	51257.4375	47857.9414	 
41	4726.5249	47232.6016	14433.3809	31796.5820	557.1591	68927.6250	63797.4219	34884.7500	30080.9707	3424.1238	 
42	85334.0703	695.4255	36293.5312	110924.5703	59567.6406	111165.2344	94154.9922	73369.9766	4341.7144	29954.5430	 
43	98978.4062	4041.7388	38144.3008	114246.7812	72139.5312	104943.2188	87630.6875	71620.9062	5726.3003	37037.9297	 
44	75096.6719	97595.4219	20502.8828	22094.2168	72825.1094	2112.9048	277.6910	4861.6807	55182.2969	48216.9844	 
45	26424.3008	157147.5625	43294.6641	5799.7754	40471.6758	37216.9297	43481.0078	28589.5430	108153.0000	52226.9844	 
[3,*,*]:1	2	3	4	5	6	7	8	9	10	:=
1	26021.7852	21463.2305	3897.8220	37920.0820	14828.0332	51997.7031	43415.8750	23413.0332	6783.7207	1575.6073	 
2	30421.0781	85825.3906	8788.8643	3552.5640	32030.6875	9666.9980	9240.6855	1329.8960	47232.9453	23041.7070	 
3	6001.8438	44489.0391	18417.1016	39645.5430	710.6478	79864.9922	73931.0469	42603.7422	30360.8984	4405.4165	 
4	34410.5898	156861.8125	40400.0430	3453.4883	47731.9023	25892.3984	32045.6953	21813.6777	105561.9609	54506.7461	 
5	134.3638	75718.6953	25459.4023	28074.1660	1551.5781	75114.2500	73043.4219	41820.6055	53329.5000	13004.4326	 
6	5230.7144	56941.3828	30631.6953	48999.2188	1524.2491	99463.0000	94119.6406	57923.4766	44213.7422	11390.0303	 
7	39021.5195	21534.3594	3080.8154	39395.7695	26386.1719	42413.2148	33359.0742	18772.2734	4904.8105	6645.1548	 
8	80420.0000	186166.2812	55011.4414	14929.7598	93181.7031	10454.7344	17268.3633	21960.9102	125326.5078	86070.4375	 
9	37937.8320	13605.9277	6918.6079	49955.5820	23362.1523	58520.6953	48068.6953	29188.7988	2285.8042	5156.3887	 
10	56256.5039	75163.9766	9849.8916	17491.1953	52427.7031	5643.9526	2549.5488	1601.1315	38441.4961	30901.8594	 
11	63972.8906	55637.6484	8806.3418	30441.1445	55148.3828	14256.5381	8257.6152	6810.8472	25355.1914	28217.9688	 
12	4437.6836	51968.0938	10489.5000	22899.3418	1696.6910	55918.5820	51818.4570	26081.9473	30897.1094	3419.4634	 
13	65303.9297	52942.4297	8968.0371	32727.3750	55729.0352	16018.5137	9578.5723	7984.8247	23676.6992	28050.7754	 
14	29733.5820	106879.6484	16384.3574	561.7261	35205.8711	11341.6309	13112.1621	4843.1074	63817.1328	31054.9199	 
15	29885.7383	47405.0742	465.6049	16667.2930	24125.3828	20844.8379	15967.1934	4792.0684	20045.7363	9405.4453	 
16	20399.1816	41100.6211	474.1232	18854.8848	14407.3789	31434.0547	26100.9922	10026.5273	17379.8027	3760.0320	 
17	118758.8047	186148.0156	63048.4922	34581.0820	126215.1328	7254.6553	11664.2295	26169.5742	125063.2969	104195.7109	 
18	29353.3770	172623.6562	52595.8906	9708.3789	45476.7227	45301.6328	52684.1523	36654.2773	121874.5938	60670.7422	 
19	9470.4053	72349.5312	8097.2261	7059.0337	10733.0684	31003.2227	29698.9570	11476.2568	41244.1211	10479.9639	 
20	46179.7891	179185.3906	51271.5664	6971.8516	61849.3711	27091.9062	34773.0234	27245.3438	123166.3984	68974.8438	 
21	46986.2891	192673.0781	59574.1055	10299.3438	64652.4805	35624.0156	44336.5000	35040.4336	135427.9844	75682.2891	 
22	70826.8828	36181.1914	10441.1768	47049.5469	56865.8359	29696.3262	20588.2656	16763.6289	13798.1045	26032.3203	 
23	69756.2109	69896.1328	12735.9580	27956.2266	62926.3438	8853.8418	4188.0220	5575.7676	35237.0586	35817.3086	 
24	3318.0811	80087.2812	15528.6963	11459.9062	6250.8027	46112.1484	45433.5586	22129.6387	50423.6641	12456.8242	 
25	30749.0508	102525.5938	14633.2969	1100.6409	35336.7266	10056.5146	11352.1182	3593.3953	60193.4258	29698.1074	 
26	731.0542	82805.3594	21850.9258	18299.7109	3943.6638	60509.4961	59720.8203	32298.6719	55620.9844	14128.1914	 
27	86031.5469	5792.9380	27659.7344	95193.2969	62105.7422	86120.1094	70587.0000	56170.8672	2829.6479	29000.4336	 
28	120958.8594	181510.2031	61889.6523	36412.3281	127272.8906	6916.0684	10705.4443	25764.6074	121440.6250	103425.6562	 
29	2256.1462	69048.7578	31786.2578	42082.4531	1384.6851	94276.0312	90608.2422	55109.5781	52382.4219	13949.8418	 
30	41087.8906	57919.4766	3231.4871	16088.4238	35991.6953	12500.7305	8320.3604	1939.9663	26465.0332	17798.3008	 
31	7087.7065	124992.0312	36953.6289	13748.7217	17137.7129	59076.8867	62368.5938	37225.8438	87899.3594	33303.1328	 
32	46408.6836	9493.9805	10410.7461	59491.1523	29615.3203	65183.7500	53477.7031	34913.4258	664.9652	8534.4434	 
33	87022.6328	937.5087	36526.5977	111454.8203	61086.2188	110542.2344	93470.6875	73238.7500	4412.4482	30783.8672	 
34	59042.9336	214008.3906	70905.9297	15195.7793	78767.3516	38541.8516	48591.4414	41635.1797	152647.9062	90131.5547	 
35	107276.0000	4602.5767	43642.0469	123578.0859	79048.3672	112751.9297	94643.8203	78675.1172	7954.3223	42285.1562	 
36	31862.2070	121658.1094	22583.2969	264.1738	39653.9297	13060.6377	16179.5928	8140.3384	75606.6641	38013.6406	 
37	63636.3672	44832.9102	7840.6133	36084.5156	52628.9375	20783.7500	13412.0195	10172.2021	18443.5273	24733.5078	 
38	2305.7251	67846.6641	31108.0664	41900.7734	1236.0258	93591.9219	89821.2031	54490.0000	51307.6172	13420.7344	 
39	9783.4629	89591.4453	13927.9297	4227.4351	14143.3691	30935.9980	31429.6680	13473.2588	54522.5781	17278.8262	 
40	78386.1094	91993.3984	20113.7891	25903.4492	74562.8828	3742.8362	1036.5117	5937.3838	51257.4375	47857.9414	 
41	4726.5249	47232.6016	14433.3809	31796.5820	557.1591	68927.6250	63797.4219	34884.7500	30080.9707	3424.1238	 
42	85334.0703	695.4255	36293.5312	110924.5703	59567.6406	111165.2344	94154.9922	73369.9766	4341.7144	29954.5430	 
43	98978.4062	4041.7388	38144.3008	114246.7812	72139.5312	104943.2188	87630.6875	71620.9062	5726.3003	37037.9297	 
44	75096.6719	97595.4219	20502.8828	22094.2168	72825.1094	2112.9048	277.6910	4861.6807	55182.2969	48216.9844	 
45	26424.3008	157147.5625	43294.6641	5799.7754	40471.6758	37216.9297	43481.0078	28589.5430	108153.0000	52226.9844	 
;
param CT_hm:=	#Cost of transportation/unit weight from hybrid facility h to manufacturer m 
[1,*,*]:1	2	3	:=
1	39602.1055	36414.7188	35153.7617	 
2	14442.8320	17966.4258	20356.5840	 
3	36654.8672	37951.9062	39562.1719	 
4	92873.1250	91770.2812	92269.1094	 
5	22148.6484	19968.1055	19213.4141	 
6	127714.9375	129848.6484	132510.4062	 
7	114516.5469	117147.5156	120039.3516	 
8	79038.7266	80431.0469	82396.5000	 
9	18005.1680	21148.0898	23554.7598	 
10	15289.7725	15385.6240	16044.6748	 
[2,*,*]:1	2	3	:=
1	39602.1055	36414.7188	35153.7617	 
2	14442.8320	17966.4258	20356.5840	 
3	36654.8672	37951.9062	39562.1719	 
4	92873.1250	91770.2812	92269.1094	 
5	22148.6484	19968.1055	19213.4141	 
6	127714.9375	129848.6484	132510.4062	 
7	114516.5469	117147.5156	120039.3516	 
8	79038.7266	80431.0469	82396.5000	 
9	18005.1680	21148.0898	23554.7598	 
10	15289.7725	15385.6240	16044.6748	 
[3,*,*]:1	2	3	:=
1	39602.1055	36414.7188	35153.7617	 
2	14442.8320	17966.4258	20356.5840	 
3	36654.8672	37951.9062	39562.1719	 
4	92873.1250	91770.2812	92269.1094	 
5	22148.6484	19968.1055	19213.4141	 
6	127714.9375	129848.6484	132510.4062	 
7	114516.5469	117147.5156	120039.3516	 
8	79038.7266	80431.0469	82396.5000	 
9	18005.1680	21148.0898	23554.7598	 
10	15289.7725	15385.6240	16044.6748	 
;
param CT_mh:=	#Cost of transportation/unit weight from manufacturer m to hybrid facility h 
[1,*,*]:1	2	3	4	5	6	7	8	9	10	:=
1	39602.1055	14442.8320	36654.8672	92873.1250	22148.6484	127714.9375	114516.5469	79038.7266	18005.1680	15289.7725	 
2	36414.7188	17966.4258	37951.9062	91770.2812	19968.1055	129848.6484	117147.5156	80431.0469	21148.0898	15385.6240	 
3	35153.7617	20356.5840	39562.1719	92269.1094	19213.4141	132510.4062	120039.3516	82396.5000	23554.7598	16044.6748	 
[2,*,*]:1	2	3	4	5	6	7	8	9	10	:=
1	39602.1055	14442.8320	36654.8672	92873.1250	22148.6484	127714.9375	114516.5469	79038.7266	18005.1680	15289.7725	 
2	36414.7188	17966.4258	37951.9062	91770.2812	19968.1055	129848.6484	117147.5156	80431.0469	21148.0898	15385.6240	 
3	35153.7617	20356.5840	39562.1719	92269.1094	19213.4141	132510.4062	120039.3516	82396.5000	23554.7598	16044.6748	 
[3,*,*]:1	2	3	4	5	6	7	8	9	10	:=
1	39602.1055	14442.8320	36654.8672	92873.1250	22148.6484	127714.9375	114516.5469	79038.7266	18005.1680	15289.7725	 
2	36414.7188	17966.4258	37951.9062	91770.2812	19968.1055	129848.6484	117147.5156	80431.0469	21148.0898	15385.6240	 
3	35153.7617	20356.5840	39562.1719	92269.1094	19213.4141	132510.4062	120039.3516	82396.5000	23554.7598	16044.6748	 
;
param D_uh:=	#Distance from urban center u to hybrid facility h 
[1,*,*]:1	2	3	4	5	6	7	8	9	10	:=
1	87232.8125	8626.3418	25837.1113	90934.8828	63947.6875	78814.4609	63788.2539	51478.6016	3438.0215	29724.6680	 
2	51975.8750	15034.4258	7829.6294	53259.6953	35960.6250	51362.5820	40417.2070	26615.6191	1993.1317	11568.0625	 
3	21637.8691	23734.8965	25532.9766	66885.5938	9367.5020	104275.8438	94163.7109	60309.1758	19857.8965	7135.1812	 
4	11803.4863	110173.3906	22482.9844	3502.9297	19512.7539	33694.6172	36114.1641	18165.8555	71010.1562	26560.7148	 
5	75282.8750	109947.1953	24034.4844	19121.8555	75296.7031	549.5546	 64.5254	5202.5420	64364.6211	52871.9531	 
6	8539.4824	37472.2891	13004.2617	36944.4727	1965.5007	71096.6719	64601.6562	35954.2266	23074.4805	1783.2485	 
[2,*,*]:1	2	3	4	5	6	7	8	9	10	:=
1	87232.8125	8626.3418	25837.1113	90934.8828	63947.6875	78814.4609	63788.2539	51478.6016	3438.0215	29724.6680	 
2	51975.8750	15034.4258	7829.6294	53259.6953	35960.6250	51362.5820	40417.2070	26615.6191	1993.1317	11568.0625	 
3	21637.8691	23734.8965	25532.9766	66885.5938	9367.5020	104275.8438	94163.7109	60309.1758	19857.8965	7135.1812	 
4	11803.4863	110173.3906	22482.9844	3502.9297	19512.7539	33694.6172	36114.1641	18165.8555	71010.1562	26560.7148	 
5	75282.8750	109947.1953	24034.4844	19121.8555	75296.7031	549.5546	 64.5254	5202.5420	64364.6211	52871.9531	 
6	8539.4824	37472.2891	13004.2617	36944.4727	1965.5007	71096.6719	64601.6562	35954.2266	23074.4805	1783.2485	 
[3,*,*]:1	2	3	4	5	6	7	8	9	10	:=
1	87232.8125	8626.3418	25837.1113	90934.8828	63947.6875	78814.4609	63788.2539	51478.6016	3438.0215	29724.6680	 
2	51975.8750	15034.4258	7829.6294	53259.6953	35960.6250	51362.5820	40417.2070	26615.6191	1993.1317	11568.0625	 
3	21637.8691	23734.8965	25532.9766	66885.5938	9367.5020	104275.8438	94163.7109	60309.1758	19857.8965	7135.1812	 
4	11803.4863	110173.3906	22482.9844	3502.9297	19512.7539	33694.6172	36114.1641	18165.8555	71010.1562	26560.7148	 
5	75282.8750	109947.1953	24034.4844	19121.8555	75296.7031	549.5546	 64.5254	5202.5420	64364.6211	52871.9531	 
6	8539.4824	37472.2891	13004.2617	36944.4727	1965.5007	71096.6719	64601.6562	35954.2266	23074.4805	1783.2485	 
;
param Surrounding:=	38448.8984	;
param Pop_u:=	#Population per urban center u
1	89785.9141
2	113772.0469
3	104635.6953
4	118423.9453
5	104424.1250
6	120034.7500
;
param CR_pm:	1	2	3	:=	#Cost of recycled/reprocessed per unit of product p in manufacturer m
1	84.5139	86.3369	80.8833	 
2	78.9321	76.0089	86.1716	 
3	79.9286	81.4519	79.5290	 
;
param FCH_h:=	#Operating fixed cost for hybrid facility h
1	9342.3145
2	11817.6230
3	10651.7656
4	11513.0479
5	9741.5791
6	11185.6387
7	11420.6641
8	8654.6396
9	11819.4863
10	8435.2139
;
param FCM_m:=	#Fixed cost for opening manufacturing plant m
1	45281.3516
2	41073.4570
3	48495.8945
;
param A_pct:=	#Return rate of product p available in retailer c at time period t (rand [0,1])
[1,*,*]:	1	2	3	4	5	:=
1	0.2000	0.2000	0.2000	0.2000	0.2000	 
2	0.2000	0.2000	0.2000	0.2000	0.2000	 
3	0.2000	0.2000	0.2000	0.2000	0.2000	 
4	0.2000	0.2000	0.2000	0.2000	0.2000	 
5	0.2000	0.2000	0.2000	0.2000	0.2000	 
6	0.2000	0.2000	0.2000	0.2000	0.2000	 
7	0.2000	0.2000	0.2000	0.2000	0.2000	 
8	0.2000	0.2000	0.2000	0.2000	0.2000	 
9	0.2000	0.2000	0.2000	0.2000	0.2000	 
10	0.2000	0.2000	0.2000	0.2000	0.2000	 
11	0.2000	0.2000	0.2000	0.2000	0.2000	 
12	0.2000	0.2000	0.2000	0.2000	0.2000	 
13	0.2000	0.2000	0.2000	0.2000	0.2000	 
14	0.2000	0.2000	0.2000	0.2000	0.2000	 
15	0.2000	0.2000	0.2000	0.2000	0.2000	 
16	0.2000	0.2000	0.2000	0.2000	0.2000	 
17	0.2000	0.2000	0.2000	0.2000	0.2000	 
18	0.2000	0.2000	0.2000	0.2000	0.2000	 
19	0.2000	0.2000	0.2000	0.2000	0.2000	 
20	0.2000	0.2000	0.2000	0.2000	0.2000	 
21	0.2000	0.2000	0.2000	0.2000	0.2000	 
22	0.2000	0.2000	0.2000	0.2000	0.2000	 
23	0.2000	0.2000	0.2000	0.2000	0.2000	 
24	0.2000	0.2000	0.2000	0.2000	0.2000	 
25	0.2000	0.2000	0.2000	0.2000	0.2000	 
26	0.2000	0.2000	0.2000	0.2000	0.2000	 
27	0.2000	0.2000	0.2000	0.2000	0.2000	 
28	0.2000	0.2000	0.2000	0.2000	0.2000	 
29	0.2000	0.2000	0.2000	0.2000	0.2000	 
30	0.2000	0.2000	0.2000	0.2000	0.2000	 
31	0.2000	0.2000	0.2000	0.2000	0.2000	 
32	0.2000	0.2000	0.2000	0.2000	0.2000	 
33	0.2000	0.2000	0.2000	0.2000	0.2000	 
34	0.2000	0.2000	0.2000	0.2000	0.2000	 
35	0.2000	0.2000	0.2000	0.2000	0.2000	 
36	0.2000	0.2000	0.2000	0.2000	0.2000	 
37	0.2000	0.2000	0.2000	0.2000	0.2000	 
38	0.2000	0.2000	0.2000	0.2000	0.2000	 
39	0.2000	0.2000	0.2000	0.2000	0.2000	 
40	0.2000	0.2000	0.2000	0.2000	0.2000	 
41	0.2000	0.2000	0.2000	0.2000	0.2000	 
42	0.2000	0.2000	0.2000	0.2000	0.2000	 
43	0.2000	0.2000	0.2000	0.2000	0.2000	 
44	0.2000	0.2000	0.2000	0.2000	0.2000	 
45	0.2000	0.2000	0.2000	0.2000	0.2000	 
[2,*,*]:	1	2	3	4	5	:=
1	0.2000	0.2000	0.2000	0.2000	0.2000	 
2	0.2000	0.2000	0.2000	0.2000	0.2000	 
3	0.2000	0.2000	0.2000	0.2000	0.2000	 
4	0.2000	0.2000	0.2000	0.2000	0.2000	 
5	0.2000	0.2000	0.2000	0.2000	0.2000	 
6	0.2000	0.2000	0.2000	0.2000	0.2000	 
7	0.2000	0.2000	0.2000	0.2000	0.2000	 
8	0.2000	0.2000	0.2000	0.2000	0.2000	 
9	0.2000	0.2000	0.2000	0.2000	0.2000	 
10	0.2000	0.2000	0.2000	0.2000	0.2000	 
11	0.2000	0.2000	0.2000	0.2000	0.2000	 
12	0.2000	0.2000	0.2000	0.2000	0.2000	 
13	0.2000	0.2000	0.2000	0.2000	0.2000	 
14	0.2000	0.2000	0.2000	0.2000	0.2000	 
15	0.2000	0.2000	0.2000	0.2000	0.2000	 
16	0.2000	0.2000	0.2000	0.2000	0.2000	 
17	0.2000	0.2000	0.2000	0.2000	0.2000	 
18	0.2000	0.2000	0.2000	0.2000	0.2000	 
19	0.2000	0.2000	0.2000	0.2000	0.2000	 
20	0.2000	0.2000	0.2000	0.2000	0.2000	 
21	0.2000	0.2000	0.2000	0.2000	0.2000	 
22	0.2000	0.2000	0.2000	0.2000	0.2000	 
23	0.2000	0.2000	0.2000	0.2000	0.2000	 
24	0.2000	0.2000	0.2000	0.2000	0.2000	 
25	0.2000	0.2000	0.2000	0.2000	0.2000	 
26	0.2000	0.2000	0.2000	0.2000	0.2000	 
27	0.2000	0.2000	0.2000	0.2000	0.2000	 
28	0.2000	0.2000	0.2000	0.2000	0.2000	 
29	0.2000	0.2000	0.2000	0.2000	0.2000	 
30	0.2000	0.2000	0.2000	0.2000	0.2000	 
31	0.2000	0.2000	0.2000	0.2000	0.2000	 
32	0.2000	0.2000	0.2000	0.2000	0.2000	 
33	0.2000	0.2000	0.2000	0.2000	0.2000	 
34	0.2000	0.2000	0.2000	0.2000	0.2000	 
35	0.2000	0.2000	0.2000	0.2000	0.2000	 
36	0.2000	0.2000	0.2000	0.2000	0.2000	 
37	0.2000	0.2000	0.2000	0.2000	0.2000	 
38	0.2000	0.2000	0.2000	0.2000	0.2000	 
39	0.2000	0.2000	0.2000	0.2000	0.2000	 
40	0.2000	0.2000	0.2000	0.2000	0.2000	 
41	0.2000	0.2000	0.2000	0.2000	0.2000	 
42	0.2000	0.2000	0.2000	0.2000	0.2000	 
43	0.2000	0.2000	0.2000	0.2000	0.2000	 
44	0.2000	0.2000	0.2000	0.2000	0.2000	 
45	0.2000	0.2000	0.2000	0.2000	0.2000	 
[3,*,*]:	1	2	3	4	5	:=
1	0.2000	0.2000	0.2000	0.2000	0.2000	 
2	0.2000	0.2000	0.2000	0.2000	0.2000	 
3	0.2000	0.2000	0.2000	0.2000	0.2000	 
4	0.2000	0.2000	0.2000	0.2000	0.2000	 
5	0.2000	0.2000	0.2000	0.2000	0.2000	 
6	0.2000	0.2000	0.2000	0.2000	0.2000	 
7	0.2000	0.2000	0.2000	0.2000	0.2000	 
8	0.2000	0.2000	0.2000	0.2000	0.2000	 
9	0.2000	0.2000	0.2000	0.2000	0.2000	 
10	0.2000	0.2000	0.2000	0.2000	0.2000	 
11	0.2000	0.2000	0.2000	0.2000	0.2000	 
12	0.2000	0.2000	0.2000	0.2000	0.2000	 
13	0.2000	0.2000	0.2000	0.2000	0.2000	 
14	0.2000	0.2000	0.2000	0.2000	0.2000	 
15	0.2000	0.2000	0.2000	0.2000	0.2000	 
16	0.2000	0.2000	0.2000	0.2000	0.2000	 
17	0.2000	0.2000	0.2000	0.2000	0.2000	 
18	0.2000	0.2000	0.2000	0.2000	0.2000	 
19	0.2000	0.2000	0.2000	0.2000	0.2000	 
20	0.2000	0.2000	0.2000	0.2000	0.2000	 
21	0.2000	0.2000	0.2000	0.2000	0.2000	 
22	0.2000	0.2000	0.2000	0.2000	0.2000	 
23	0.2000	0.2000	0.2000	0.2000	0.2000	 
24	0.2000	0.2000	0.2000	0.2000	0.2000	 
25	0.2000	0.2000	0.2000	0.2000	0.2000	 
26	0.2000	0.2000	0.2000	0.2000	0.2000	 
27	0.2000	0.2000	0.2000	0.2000	0.2000	 
28	0.2000	0.2000	0.2000	0.2000	0.2000	 
29	0.2000	0.2000	0.2000	0.2000	0.2000	 
30	0.2000	0.2000	0.2000	0.2000	0.2000	 
31	0.2000	0.2000	0.2000	0.2000	0.2000	 
32	0.2000	0.2000	0.2000	0.2000	0.2000	 
33	0.2000	0.2000	0.2000	0.2000	0.2000	 
34	0.2000	0.2000	0.2000	0.2000	0.2000	 
35	0.2000	0.2000	0.2000	0.2000	0.2000	 
36	0.2000	0.2000	0.2000	0.2000	0.2000	 
37	0.2000	0.2000	0.2000	0.2000	0.2000	 
38	0.2000	0.2000	0.2000	0.2000	0.2000	 
39	0.2000	0.2000	0.2000	0.2000	0.2000	 
40	0.2000	0.2000	0.2000	0.2000	0.2000	 
41	0.2000	0.2000	0.2000	0.2000	0.2000	 
42	0.2000	0.2000	0.2000	0.2000	0.2000	 
43	0.2000	0.2000	0.2000	0.2000	0.2000	 
44	0.2000	0.2000	0.2000	0.2000	0.2000	 
45	0.2000	0.2000	0.2000	0.2000	0.2000	 
;
param SL:=	1.64	;	 
param SDS_p:=	#Sales standar deviation of product p 
1	 55.6809
2	 56.6412
3	 56.8721
;
param L_p:=	#Average lead time for product p at retailers (Lead time = Order to ship time + Transit lead time) - 4months
1	  2.8886
2	  3.4189
3	  3.5155
;
param CM_pm:=	#manufacturing capacity limit
1	337159.0000
2	337159.0000
3	337159.0000
;
param Mbig:=	 337159.0000;
param CO_vk:1	2	3:=	#Cost of CO2 emission per vehicle type v with size k
1	0.0003	0.001	0.002	#Electric Vehicle
2	0.001	0.003	0.006;	#Internal combustion

param VC_vk:1	2	3:= #Cost per vehicle type v with size k
1	100	200	1000	#Electric Vehicle
2	50	100	500	; 	#Internal combustion

param VQ_vk:1	2	3:=	#Capacity per vehicle type v with size k
1	10	20	50	#Electric Vehicle
2	10	20	50	; 	#Internal combustion

