#Coord Suppliers
# 	1	  4.6684		150.5624	
# 	2	223.0980		 40.1489	
# 	3	 63.9500		 65.5676	
# 	4	188.3287		 74.4304	
# 	5	 37.8268		103.6496	
# 	6	 75.0494		263.5677	
# 	7	427.9338		 11.6245	
# 	8	314.5983		171.8279	
# 	9	404.1032		200.0697	
# 	10	246.5270		210.7282	
#Coord Manufacturers
# 	1	173.9147		208.3316	
# 	2	371.1917		139.7005	
# 	3	423.2360		241.1219	
#Coord Warehouse
# 	1	442.5117		 50.8909	
# 	2	234.4881		283.6552	
# 	3	292.2932		258.2496	
# 	4	436.8807		 55.6625	
# 	5	109.4020		262.0203	
# 	6	407.8248		227.4834	
# 	7	156.1059		139.0604	
# 	8	274.7420		148.8845	
# 	9	215.0883		130.6666	
# 	10	391.6837		 56.2076	
# 	11	309.4533		211.0587	
# 	12	416.3400		 11.8364	
# 	13	291.2025		191.4162	
# 	14	207.7639		 15.9178	
# 	15	 17.3569		 50.8594	
#Coord Hybrids
# 	1	357.5466		 48.7818	
# 	2	 62.4324		105.8751	
# 	3	218.0243		209.3209	
# 	4	360.5204		 80.0323	
# 	5	409.2643		  6.8601	
# 	6	168.8052		 59.8900	
# 	7	154.2624		133.2337	
# 	8	224.1628		124.3039	
# 	9	 96.4152		 64.9919	
# 	10	104.5382		218.7257	
#Coord Retailers
# 	1	187.1634		175.1695	
# 	2	222.4515		129.0141	
# 	3	330.6446		166.8649	
# 	4	136.1838		291.2394	
# 	5	101.1792		 41.6307	
# 	6	276.7196		147.5787	
# 	7	 82.4187		 32.7932	
# 	8	242.8090		 86.7898	
# 	9	 46.3743		147.1805	
# 	10	284.4413		 11.3908	
# 	11	225.0486		 25.0630	
# 	12	356.0932		227.4108	
# 	13	118.0229		 30.2576	
# 	14	412.7367		155.2381	
# 	15	 60.0928		 33.7629	
# 	16	378.7385		163.8224	
# 	17	117.4575		172.7477	
# 	18	141.2337		237.4870	
# 	19	221.8908		289.5475	
# 	20	234.1404		270.9065	
# 	21	112.4120		156.4462	
# 	22	227.5856		243.9214	
# 	23	 32.9374		250.8621	
# 	24	361.9060		121.8964	
# 	25	 16.4031		230.1762	
# 	26	305.5174		275.6786	
# 	27	252.0835		290.3157	
# 	28	138.7730		101.6670	
# 	29	328.8968		210.4110	
# 	30	326.4070		268.1828	
# 	31	322.4921		204.6458	
# 	32	379.4026		193.5357	
# 	33	136.2145		248.6344	
# 	34	110.1238		211.1342	
# 	35	241.1497		114.2429	
# 	36	 80.3781		265.7495	
# 	37	 36.1051		241.0766	
# 	38	307.5617		138.6031	
# 	39	298.8222		 84.7999	
# 	40	387.7086		 53.5439	
#Coord Urban center
# 	1	260.8698		139.0903	
# 	2	302.9498		142.8373	
# 	3	428.6300		255.9773	
# 	4	404.3282		  7.6707	
# 	5	 70.3903		143.0694	
# 	6	330.6248		106.8928	

#Parameters

param I:=	5;	#Raw material
param S:=	10;	#Supplier
param M:=	3;	#Manufacturer
param H:=	10;	#Hybrid
param W:=	15;	#Warehouse
param C:=	40;	#Retailer
param P:=	3;	#Products
param T:=	5;	#Time period
param TV:=	2;	#Type of vehicle
param SZ:=	3;	#Size of vehicle
param UC:=	6;	#Urban centers

param CI_im:	1	2	3	:=	#Inventory holding cost/unit of raw material i at manufacturer m
1	3	3	3	 
2	3	3	3	 
3	3	3	3	 
4	3	3	3	 
5	3	3	3	 
; 
param CI_pw:	1	2	3	4	5	6	7	8	9	10	11	12	13	14	15	:=	#Inventory holding cost/unit of product p at depot w
1	3	3	3	3	3	3	3	3	3	3	3	3	3	3	3	 
2	3	3	3	3	3	3	3	3	3	3	3	3	3	3	3	 
3	3	3	3	3	3	3	3	3	3	3	3	3	3	3	3	 
;
param CP_pm:	1	2	3	:=	#Production cost of product p at manufacturer m
1	105.6445	100.4547	106.4044	 
2	106.8121	103.9564	101.3667	 
3	104.1646	107.3846	105.8431	 
;
param CT_ism:=	#Cost of raw material i per unit from supplier s to manufacturer m
[1,*,*]:1	2	3	:=
1	1470.8583	1394.6874	1294.4927	
2	1397.9379	1263.4695	1435.8533	
3	1300.2594	1476.1688	1368.3920	
4	1360.4133	1284.0199	1451.9240	
5	1479.2572	1423.6471	1416.8861	
6	1426.6544	1436.2034	1428.6488	
7	1285.7406	1416.5895	1477.5894	
8	1258.1062	1296.2036	1440.5880	
9	1260.4667	1319.7466	1464.4901	
10	1342.2600	1474.7479	1322.2744	
[2,*,*]:1	2	3	:=
1	1345.0808	1277.3434	1453.6561	
2	1483.3713	1295.7769	1327.7997	
3	1418.6760	1269.7753	1258.1810	
4	1331.6439	1346.6531	1387.2418	
5	1388.2328	1332.5317	1356.4127	
6	1312.9642	1300.6588	1444.3813	
7	1284.8982	1362.8009	1280.6306	
8	1454.0715	1460.8724	1278.6937	
9	1430.2455	1480.8289	1346.5077	
10	1444.2782	1480.9714	1251.2378	
[3,*,*]:1	2	3	:=
1	1318.1460	1259.1298	1299.7980	
2	1252.8020	1262.2249	1412.3357	
3	1322.1809	1461.1025	1333.3242	
4	1480.3268	1282.8467	1387.2512	
5	1323.6086	1451.5383	1334.4192	
6	1280.2573	1363.8994	1312.4705	
7	1436.3082	1433.9800	1252.5513	
8	1250.7480	1479.5016	1330.7188	
9	1324.0947	1317.7316	1311.4310	
10	1443.8423	1315.8096	1429.7468	
[4,*,*]:1	2	3	:=
1	1418.3221	1387.6334	1420.6932	
2	1293.5082	1366.1295	1373.4897	
3	1256.8528	1304.5596	1483.3522	
4	1414.6610	1494.6656	1342.3285	
5	1440.5977	1399.9163	1400.5231	
6	1278.3269	1305.5502	1268.0657	
7	1376.3257	1336.2748	1299.1802	
8	1343.6743	1381.6017	1427.7068	
9	1397.4928	1409.7727	1400.9404	
10	1343.3937	1331.3885	1390.2855	
[5,*,*]:1	2	3	:=
1	1437.4159	1479.7977	1456.9172	
2	1388.4319	1456.2054	1257.0580	
3	1449.3802	1299.8722	1421.4602	
4	1456.2975	1328.7407	1349.9369	
5	1496.3972	1313.3911	1438.8348	
6	1351.5149	1328.8075	1442.6290	
7	1362.4651	1427.5215	1305.5500	
8	1455.9592	1429.1935	1374.8103	
9	1447.8877	1479.9263	1446.8472	
10	1324.4592	1429.3337	1403.7642	
;
param CT_wc:=	#Cost of transportation/unit weight from depot w to retailer c1 (Matrix of the cost CTij)
[1,*,*]:1	2	3	4	5	6	7	8	9	10	11	12	13	14	15	16	17	18	19	20	21	22	23	24	25	26	27	28	29	30	31	32	33	34	35	36	37	38	39	40	:=
1	80647.8984	54529.7148	25964.2188	151604.2188	116593.6172	36835.5352	129994.4453	41169.8867	166196.4688	26546.5117	47957.2734	38627.4336	105718.6562	11774.8848	146537.5156	16820.5449	120509.3047	125586.5156	105630.5156	91825.4531	120107.6719	83454.0312	207739.5781	11539.0469	213711.7656	69296.9766	93587.1094	94835.4141	38354.9883	60696.0781	38045.2773	24330.3027	132920.4375	136159.6094	44560.1016	177304.9375	201336.9219	25904.9375	21796.4785	3010.4082	
2	14008.7871	24058.7695	22886.0391	9721.2656	76347.1250	20300.3223	86056.8750	38825.2383	54012.1562	76623.2500	66959.0234	17951.2285	77774.5078	48263.5156	92859.8594	35168.0781	25996.6641	10827.9014	193.4106	162.6515	31084.7070	1626.4174	41698.0898	42401.2422	50421.0977	5108.7822	353.9598	42281.1016	14277.7207	8688.4814	13987.1816	29121.7266	10884.1680	20725.7812	28744.9219	24070.5215	41168.7734	26379.8477	43682.3164	76427.7578	
3	17954.5820	21579.6875	9821.9814	25458.4883	83448.2969	12490.5850	94877.8906	31847.1484	72812.4453	61000.9258	58897.8125	5021.4688	82350.4844	25118.0020	104311.2578	16389.2793	37878.1211	23250.0703	5936.0542	3541.9487	42721.1641	4392.3740	67320.0234	23438.1387	76903.4766	478.6517	2645.0537	48086.5703	3628.3564	1262.4231	3785.3340	11775.9277	24453.0195	35405.5469	23353.5898	44964.2734	65927.2812	14548.3965	30127.4219	51008.5312	
4	76640.6250	51360.3320	23652.0820	145915.1250	112892.3906	34100.1484	126166.2812	38632.7266	160870.7344	25197.7656	45809.1680	36024.0898	102315.6641	10498.2236	142448.6719	15079.0762	115740.1250	120467.2812	100922.8047	87433.5938	115437.2422	79245.8750	201273.0625	10008.1230	207256.4531	65663.4219	89212.0938	90984.6328	35607.6016	57369.3125	35280.7773	22312.7500	127638.2969	130941.5000	41742.2656	171230.6406	194999.4688	23602.5527	19909.1289	2422.3767	
5	13589.8906	30470.8262	58002.8164	1571.0215	48639.1602	41092.0469	53273.1680	48503.1367	17160.6719	93453.8750	69522.8516	62054.3477	53788.2656	103414.3516	54532.8047	82184.9531	8034.4893	1615.1357	13411.4707	15638.6172	11154.9473	14294.9131	5971.3481	83392.9688	9662.8535	38647.7852	21158.6387	26575.8223	50841.4805	47129.1484	48699.1953	77590.4297	898.0898	2589.9109	39195.6133	856.2975	5811.0835	54499.0312	67287.0625	120916.9766	
6	51428.1836	44059.4688	9631.3721	77853.6641	128572.7344	23573.3301	143793.3750	47024.9023	137094.9844	61919.5195	74381.1562	2676.1604	122883.1250	5243.5146	158445.1250	4898.7300	87309.1719	71170.8828	38423.3789	32051.8281	92314.9609	32756.3770	141087.1250	13257.1494	153218.1875	12789.5811	28203.2285	88218.6484	6521.0889	8285.2891	7803.2197	1960.2661	74219.5078	88893.1562	40603.9922	108685.6328	138360.3125	17952.3887	32240.1445	30659.6172	
7	2268.4336	4502.6675	31236.8652	23555.3477	12509.4824	14620.2305	16722.5273	10249.6484	12106.9492	32769.5078	17748.4980	47800.7188	13288.3662	66121.0859	20306.0605	50178.4492	2628.5308	9908.9668	26974.0098	23472.7656	2211.4160	16105.1836	27670.0938	42648.3086	27818.9727	40988.3438	32089.8633	1698.6978	34947.6094	45675.0859	31985.8203	52828.9766	12402.1162	7308.9854	7848.3652	21784.8203	24807.4961	22939.0664	23312.1543	60952.9219	
8	8360.9092	3129.1348	3448.3984	39463.3047	41627.4297	  5.6161	50465.4492	4875.4746	52154.6992	18998.6094	17801.1992	12784.3926	38633.2148	19082.9023	59327.2383	11038.4170	25307.8770	25674.8652	22579.3086	16537.8457	26408.1934	11255.7471	68868.8906	8325.9287	73347.3438	17023.8750	20516.1777	20717.0742	6718.2471	16901.3633	5389.3945	12947.5664	29139.9004	30974.1758	2328.4863	51434.7539	65446.9648	1182.8378	4686.6973	21851.3027	
9	2760.3018	 56.9472	14663.5771	32009.5508	20902.6836	4084.4324	27180.4375	2693.6147	28737.1172	19036.5645	11251.3301	29241.8086	19503.6660	39668.6328	33413.9258	27880.6953	11302.5967	16865.0879	25289.3867	20030.1875	11207.0010	12982.8330	47625.9062	21632.3613	49377.9922	29205.9004	26856.4609	6665.0127	19311.5312	31302.5625	17008.4922	30951.6992	20137.4609	17492.5801	948.9373	36394.2188	44225.3594	8614.3105	9115.1230	35745.7031	
10	55980.4844	33940.3320	15970.8203	120520.1875	84605.3750	21565.4219	96193.0625	23098.9531	127514.6328	13509.4941	28737.2559	30577.2227	75563.6250	10250.2617	110456.2812	11748.5283	88781.6250	95587.4297	83277.1172	70915.5078	88040.4375	62164.6875	166589.3125	5201.7266	171100.6562	55592.1797	74294.8047	66030.4062	27720.8750	49194.5430	26821.3887	19009.8359	102292.5781	103278.2422	26028.5762	140819.0000	160612.7188	13865.5430	9440.7793	 22.8966	
11	16242.8672	14300.6553	2402.1626	36451.2852	72083.9766	5101.2168	83323.3359	19884.2461	73291.0000	40492.9102	41718.5742	2442.6663	69334.6562	13783.3994	93614.4531	7031.7080	38330.1562	28996.3047	13827.6719	9253.7910	41807.8008	7782.2886	78045.3672	10701.2139	86243.9531	4191.2236	9572.9561	41098.3477	378.4686	3550.5894	211.1347	5199.9546	31423.6230	39732.2656	14038.7012	55466.5508	75620.3438	5253.3945	16054.3223	30934.8320	
12	79199.5938	51323.3633	31377.5391	156553.5625	100214.0703	37919.8164	111942.6172	35731.0234	155192.6250	17397.4863	36767.3633	50101.9844	89332.4141	20577.0117	127392.8359	24513.6094	115223.2031	126601.6562	114933.8906	100313.9766	113284.1953	89491.6953	204130.8594	15076.2490	207621.8281	81894.3750	104530.8906	85113.0156	47078.1562	73801.4062	45982.8945	34378.9961	134543.5625	133487.9688	41178.7188	177342.2656	197129.6719	27902.5234	19134.1016	2559.2654	
13	11088.0918	8620.7324	2158.4441	33995.4883	58544.5547	2131.4832	68751.9375	13288.6211	61897.6406	32454.8730	32049.7266	5506.4121	55963.2656	16079.4141	78266.2266	8423.9697	30535.8594	24613.1680	14433.8535	9574.7891	33188.9336	6803.9170	70234.6953	9831.9932	77017.0781	7305.0767	11311.4014	31289.6875	1781.6619	7132.4746	1154.0610	7783.7451	27295.2051	33178.2969	8461.0068	49972.3789	67540.8594	3056.8418	11425.0986	28322.2129	
14	25785.4648	13006.4795	37884.6914	80925.6953	12021.4678	22089.4609	15996.1992	6250.9883	43276.4883	5899.9038	382.3928	66730.8438	8259.0752	61423.9570	22125.1992	51108.0742	32750.8535	53519.1523	75072.7500	65714.9219	28840.2012	52378.5469	85763.1250	34991.2344	82525.6562	77031.4062	77258.3906	12112.6738	52500.7500	77713.8125	48780.8047	61007.9297	59276.3047	47643.0352	10782.4199	78643.0078	80163.2344	25011.2695	13036.3438	33795.8125	
15	44287.2344	48171.9297	111606.4766	71902.3828	7111.3418	76623.6250	4559.4316	52119.6367	10119.7549	72891.8203	43801.2812	145912.6719	10558.0889	167220.0781	2118.6511	143357.3125	24876.8613	50175.2891	98806.1016	95415.7812	20184.0449	81469.0391	40243.8164	123760.3516	32155.4316	133580.1562	112435.8828	17323.2695	122513.8125	142741.4531	116757.7422	151433.5938	53242.0547	34293.7070	54100.6836	50149.4062	36534.0664	91917.7734	80374.6719	137167.6250	
[2,*,*]:1	2	3	4	5	6	7	8	9	10	11	12	13	14	15	16	17	18	19	20	21	22	23	24	25	26	27	28	29	30	31	32	33	34	35	36	37	38	39	40	:=
1	80647.8984	54529.7148	25964.2188	151604.2188	116593.6172	36835.5352	129994.4453	41169.8867	166196.4688	26546.5117	47957.2734	38627.4336	105718.6562	11774.8848	146537.5156	16820.5449	120509.3047	125586.5156	105630.5156	91825.4531	120107.6719	83454.0312	207739.5781	11539.0469	213711.7656	69296.9766	93587.1094	94835.4141	38354.9883	60696.0781	38045.2773	24330.3027	132920.4375	136159.6094	44560.1016	177304.9375	201336.9219	25904.9375	21796.4785	3010.4082	
2	14008.7871	24058.7695	22886.0391	9721.2656	76347.1250	20300.3223	86056.8750	38825.2383	54012.1562	76623.2500	66959.0234	17951.2285	77774.5078	48263.5156	92859.8594	35168.0781	25996.6641	10827.9014	193.4106	162.6515	31084.7070	1626.4174	41698.0898	42401.2422	50421.0977	5108.7822	353.9598	42281.1016	14277.7207	8688.4814	13987.1816	29121.7266	10884.1680	20725.7812	28744.9219	24070.5215	41168.7734	26379.8477	43682.3164	76427.7578	
3	17954.5820	21579.6875	9821.9814	25458.4883	83448.2969	12490.5850	94877.8906	31847.1484	72812.4453	61000.9258	58897.8125	5021.4688	82350.4844	25118.0020	104311.2578	16389.2793	37878.1211	23250.0703	5936.0542	3541.9487	42721.1641	4392.3740	67320.0234	23438.1387	76903.4766	478.6517	2645.0537	48086.5703	3628.3564	1262.4231	3785.3340	11775.9277	24453.0195	35405.5469	23353.5898	44964.2734	65927.2812	14548.3965	30127.4219	51008.5312	
4	76640.6250	51360.3320	23652.0820	145915.1250	112892.3906	34100.1484	126166.2812	38632.7266	160870.7344	25197.7656	45809.1680	36024.0898	102315.6641	10498.2236	142448.6719	15079.0762	115740.1250	120467.2812	100922.8047	87433.5938	115437.2422	79245.8750	201273.0625	10008.1230	207256.4531	65663.4219	89212.0938	90984.6328	35607.6016	57369.3125	35280.7773	22312.7500	127638.2969	130941.5000	41742.2656	171230.6406	194999.4688	23602.5527	19909.1289	2422.3767	
5	13589.8906	30470.8262	58002.8164	1571.0215	48639.1602	41092.0469	53273.1680	48503.1367	17160.6719	93453.8750	69522.8516	62054.3477	53788.2656	103414.3516	54532.8047	82184.9531	8034.4893	1615.1357	13411.4707	15638.6172	11154.9473	14294.9131	5971.3481	83392.9688	9662.8535	38647.7852	21158.6387	26575.8223	50841.4805	47129.1484	48699.1953	77590.4297	898.0898	2589.9109	39195.6133	856.2975	5811.0835	54499.0312	67287.0625	120916.9766	
6	51428.1836	44059.4688	9631.3721	77853.6641	128572.7344	23573.3301	143793.3750	47024.9023	137094.9844	61919.5195	74381.1562	2676.1604	122883.1250	5243.5146	158445.1250	4898.7300	87309.1719	71170.8828	38423.3789	32051.8281	92314.9609	32756.3770	141087.1250	13257.1494	153218.1875	12789.5811	28203.2285	88218.6484	6521.0889	8285.2891	7803.2197	1960.2661	74219.5078	88893.1562	40603.9922	108685.6328	138360.3125	17952.3887	32240.1445	30659.6172	
7	2268.4336	4502.6675	31236.8652	23555.3477	12509.4824	14620.2305	16722.5273	10249.6484	12106.9492	32769.5078	17748.4980	47800.7188	13288.3662	66121.0859	20306.0605	50178.4492	2628.5308	9908.9668	26974.0098	23472.7656	2211.4160	16105.1836	27670.0938	42648.3086	27818.9727	40988.3438	32089.8633	1698.6978	34947.6094	45675.0859	31985.8203	52828.9766	12402.1162	7308.9854	7848.3652	21784.8203	24807.4961	22939.0664	23312.1543	60952.9219	
8	8360.9092	3129.1348	3448.3984	39463.3047	41627.4297	  5.6161	50465.4492	4875.4746	52154.6992	18998.6094	17801.1992	12784.3926	38633.2148	19082.9023	59327.2383	11038.4170	25307.8770	25674.8652	22579.3086	16537.8457	26408.1934	11255.7471	68868.8906	8325.9287	73347.3438	17023.8750	20516.1777	20717.0742	6718.2471	16901.3633	5389.3945	12947.5664	29139.9004	30974.1758	2328.4863	51434.7539	65446.9648	1182.8378	4686.6973	21851.3027	
9	2760.3018	 56.9472	14663.5771	32009.5508	20902.6836	4084.4324	27180.4375	2693.6147	28737.1172	19036.5645	11251.3301	29241.8086	19503.6660	39668.6328	33413.9258	27880.6953	11302.5967	16865.0879	25289.3867	20030.1875	11207.0010	12982.8330	47625.9062	21632.3613	49377.9922	29205.9004	26856.4609	6665.0127	19311.5312	31302.5625	17008.4922	30951.6992	20137.4609	17492.5801	948.9373	36394.2188	44225.3594	8614.3105	9115.1230	35745.7031	
10	55980.4844	33940.3320	15970.8203	120520.1875	84605.3750	21565.4219	96193.0625	23098.9531	127514.6328	13509.4941	28737.2559	30577.2227	75563.6250	10250.2617	110456.2812	11748.5283	88781.6250	95587.4297	83277.1172	70915.5078	88040.4375	62164.6875	166589.3125	5201.7266	171100.6562	55592.1797	74294.8047	66030.4062	27720.8750	49194.5430	26821.3887	19009.8359	102292.5781	103278.2422	26028.5762	140819.0000	160612.7188	13865.5430	9440.7793	 22.8966	
11	16242.8672	14300.6553	2402.1626	36451.2852	72083.9766	5101.2168	83323.3359	19884.2461	73291.0000	40492.9102	41718.5742	2442.6663	69334.6562	13783.3994	93614.4531	7031.7080	38330.1562	28996.3047	13827.6719	9253.7910	41807.8008	7782.2886	78045.3672	10701.2139	86243.9531	4191.2236	9572.9561	41098.3477	378.4686	3550.5894	211.1347	5199.9546	31423.6230	39732.2656	14038.7012	55466.5508	75620.3438	5253.3945	16054.3223	30934.8320	
12	79199.5938	51323.3633	31377.5391	156553.5625	100214.0703	37919.8164	111942.6172	35731.0234	155192.6250	17397.4863	36767.3633	50101.9844	89332.4141	20577.0117	127392.8359	24513.6094	115223.2031	126601.6562	114933.8906	100313.9766	113284.1953	89491.6953	204130.8594	15076.2490	207621.8281	81894.3750	104530.8906	85113.0156	47078.1562	73801.4062	45982.8945	34378.9961	134543.5625	133487.9688	41178.7188	177342.2656	197129.6719	27902.5234	19134.1016	2559.2654	
13	11088.0918	8620.7324	2158.4441	33995.4883	58544.5547	2131.4832	68751.9375	13288.6211	61897.6406	32454.8730	32049.7266	5506.4121	55963.2656	16079.4141	78266.2266	8423.9697	30535.8594	24613.1680	14433.8535	9574.7891	33188.9336	6803.9170	70234.6953	9831.9932	77017.0781	7305.0767	11311.4014	31289.6875	1781.6619	7132.4746	1154.0610	7783.7451	27295.2051	33178.2969	8461.0068	49972.3789	67540.8594	3056.8418	11425.0986	28322.2129	
14	25785.4648	13006.4795	37884.6914	80925.6953	12021.4678	22089.4609	15996.1992	6250.9883	43276.4883	5899.9038	382.3928	66730.8438	8259.0752	61423.9570	22125.1992	51108.0742	32750.8535	53519.1523	75072.7500	65714.9219	28840.2012	52378.5469	85763.1250	34991.2344	82525.6562	77031.4062	77258.3906	12112.6738	52500.7500	77713.8125	48780.8047	61007.9297	59276.3047	47643.0352	10782.4199	78643.0078	80163.2344	25011.2695	13036.3438	33795.8125	
15	44287.2344	48171.9297	111606.4766	71902.3828	7111.3418	76623.6250	4559.4316	52119.6367	10119.7549	72891.8203	43801.2812	145912.6719	10558.0889	167220.0781	2118.6511	143357.3125	24876.8613	50175.2891	98806.1016	95415.7812	20184.0449	81469.0391	40243.8164	123760.3516	32155.4316	133580.1562	112435.8828	17323.2695	122513.8125	142741.4531	116757.7422	151433.5938	53242.0547	34293.7070	54100.6836	50149.4062	36534.0664	91917.7734	80374.6719	137167.6250	
[3,*,*]:1	2	3	4	5	6	7	8	9	10	11	12	13	14	15	16	17	18	19	20	21	22	23	24	25	26	27	28	29	30	31	32	33	34	35	36	37	38	39	40	:=
1	80647.8984	54529.7148	25964.2188	151604.2188	116593.6172	36835.5352	129994.4453	41169.8867	166196.4688	26546.5117	47957.2734	38627.4336	105718.6562	11774.8848	146537.5156	16820.5449	120509.3047	125586.5156	105630.5156	91825.4531	120107.6719	83454.0312	207739.5781	11539.0469	213711.7656	69296.9766	93587.1094	94835.4141	38354.9883	60696.0781	38045.2773	24330.3027	132920.4375	136159.6094	44560.1016	177304.9375	201336.9219	25904.9375	21796.4785	3010.4082	
2	14008.7871	24058.7695	22886.0391	9721.2656	76347.1250	20300.3223	86056.8750	38825.2383	54012.1562	76623.2500	66959.0234	17951.2285	77774.5078	48263.5156	92859.8594	35168.0781	25996.6641	10827.9014	193.4106	162.6515	31084.7070	1626.4174	41698.0898	42401.2422	50421.0977	5108.7822	353.9598	42281.1016	14277.7207	8688.4814	13987.1816	29121.7266	10884.1680	20725.7812	28744.9219	24070.5215	41168.7734	26379.8477	43682.3164	76427.7578	
3	17954.5820	21579.6875	9821.9814	25458.4883	83448.2969	12490.5850	94877.8906	31847.1484	72812.4453	61000.9258	58897.8125	5021.4688	82350.4844	25118.0020	104311.2578	16389.2793	37878.1211	23250.0703	5936.0542	3541.9487	42721.1641	4392.3740	67320.0234	23438.1387	76903.4766	478.6517	2645.0537	48086.5703	3628.3564	1262.4231	3785.3340	11775.9277	24453.0195	35405.5469	23353.5898	44964.2734	65927.2812	14548.3965	30127.4219	51008.5312	
4	76640.6250	51360.3320	23652.0820	145915.1250	112892.3906	34100.1484	126166.2812	38632.7266	160870.7344	25197.7656	45809.1680	36024.0898	102315.6641	10498.2236	142448.6719	15079.0762	115740.1250	120467.2812	100922.8047	87433.5938	115437.2422	79245.8750	201273.0625	10008.1230	207256.4531	65663.4219	89212.0938	90984.6328	35607.6016	57369.3125	35280.7773	22312.7500	127638.2969	130941.5000	41742.2656	171230.6406	194999.4688	23602.5527	19909.1289	2422.3767	
5	13589.8906	30470.8262	58002.8164	1571.0215	48639.1602	41092.0469	53273.1680	48503.1367	17160.6719	93453.8750	69522.8516	62054.3477	53788.2656	103414.3516	54532.8047	82184.9531	8034.4893	1615.1357	13411.4707	15638.6172	11154.9473	14294.9131	5971.3481	83392.9688	9662.8535	38647.7852	21158.6387	26575.8223	50841.4805	47129.1484	48699.1953	77590.4297	898.0898	2589.9109	39195.6133	856.2975	5811.0835	54499.0312	67287.0625	120916.9766	
6	51428.1836	44059.4688	9631.3721	77853.6641	128572.7344	23573.3301	143793.3750	47024.9023	137094.9844	61919.5195	74381.1562	2676.1604	122883.1250	5243.5146	158445.1250	4898.7300	87309.1719	71170.8828	38423.3789	32051.8281	92314.9609	32756.3770	141087.1250	13257.1494	153218.1875	12789.5811	28203.2285	88218.6484	6521.0889	8285.2891	7803.2197	1960.2661	74219.5078	88893.1562	40603.9922	108685.6328	138360.3125	17952.3887	32240.1445	30659.6172	
7	2268.4336	4502.6675	31236.8652	23555.3477	12509.4824	14620.2305	16722.5273	10249.6484	12106.9492	32769.5078	17748.4980	47800.7188	13288.3662	66121.0859	20306.0605	50178.4492	2628.5308	9908.9668	26974.0098	23472.7656	2211.4160	16105.1836	27670.0938	42648.3086	27818.9727	40988.3438	32089.8633	1698.6978	34947.6094	45675.0859	31985.8203	52828.9766	12402.1162	7308.9854	7848.3652	21784.8203	24807.4961	22939.0664	23312.1543	60952.9219	
8	8360.9092	3129.1348	3448.3984	39463.3047	41627.4297	  5.6161	50465.4492	4875.4746	52154.6992	18998.6094	17801.1992	12784.3926	38633.2148	19082.9023	59327.2383	11038.4170	25307.8770	25674.8652	22579.3086	16537.8457	26408.1934	11255.7471	68868.8906	8325.9287	73347.3438	17023.8750	20516.1777	20717.0742	6718.2471	16901.3633	5389.3945	12947.5664	29139.9004	30974.1758	2328.4863	51434.7539	65446.9648	1182.8378	4686.6973	21851.3027	
9	2760.3018	 56.9472	14663.5771	32009.5508	20902.6836	4084.4324	27180.4375	2693.6147	28737.1172	19036.5645	11251.3301	29241.8086	19503.6660	39668.6328	33413.9258	27880.6953	11302.5967	16865.0879	25289.3867	20030.1875	11207.0010	12982.8330	47625.9062	21632.3613	49377.9922	29205.9004	26856.4609	6665.0127	19311.5312	31302.5625	17008.4922	30951.6992	20137.4609	17492.5801	948.9373	36394.2188	44225.3594	8614.3105	9115.1230	35745.7031	
10	55980.4844	33940.3320	15970.8203	120520.1875	84605.3750	21565.4219	96193.0625	23098.9531	127514.6328	13509.4941	28737.2559	30577.2227	75563.6250	10250.2617	110456.2812	11748.5283	88781.6250	95587.4297	83277.1172	70915.5078	88040.4375	62164.6875	166589.3125	5201.7266	171100.6562	55592.1797	74294.8047	66030.4062	27720.8750	49194.5430	26821.3887	19009.8359	102292.5781	103278.2422	26028.5762	140819.0000	160612.7188	13865.5430	9440.7793	 22.8966	
11	16242.8672	14300.6553	2402.1626	36451.2852	72083.9766	5101.2168	83323.3359	19884.2461	73291.0000	40492.9102	41718.5742	2442.6663	69334.6562	13783.3994	93614.4531	7031.7080	38330.1562	28996.3047	13827.6719	9253.7910	41807.8008	7782.2886	78045.3672	10701.2139	86243.9531	4191.2236	9572.9561	41098.3477	378.4686	3550.5894	211.1347	5199.9546	31423.6230	39732.2656	14038.7012	55466.5508	75620.3438	5253.3945	16054.3223	30934.8320	
12	79199.5938	51323.3633	31377.5391	156553.5625	100214.0703	37919.8164	111942.6172	35731.0234	155192.6250	17397.4863	36767.3633	50101.9844	89332.4141	20577.0117	127392.8359	24513.6094	115223.2031	126601.6562	114933.8906	100313.9766	113284.1953	89491.6953	204130.8594	15076.2490	207621.8281	81894.3750	104530.8906	85113.0156	47078.1562	73801.4062	45982.8945	34378.9961	134543.5625	133487.9688	41178.7188	177342.2656	197129.6719	27902.5234	19134.1016	2559.2654	
13	11088.0918	8620.7324	2158.4441	33995.4883	58544.5547	2131.4832	68751.9375	13288.6211	61897.6406	32454.8730	32049.7266	5506.4121	55963.2656	16079.4141	78266.2266	8423.9697	30535.8594	24613.1680	14433.8535	9574.7891	33188.9336	6803.9170	70234.6953	9831.9932	77017.0781	7305.0767	11311.4014	31289.6875	1781.6619	7132.4746	1154.0610	7783.7451	27295.2051	33178.2969	8461.0068	49972.3789	67540.8594	3056.8418	11425.0986	28322.2129	
14	25785.4648	13006.4795	37884.6914	80925.6953	12021.4678	22089.4609	15996.1992	6250.9883	43276.4883	5899.9038	382.3928	66730.8438	8259.0752	61423.9570	22125.1992	51108.0742	32750.8535	53519.1523	75072.7500	65714.9219	28840.2012	52378.5469	85763.1250	34991.2344	82525.6562	77031.4062	77258.3906	12112.6738	52500.7500	77713.8125	48780.8047	61007.9297	59276.3047	47643.0352	10782.4199	78643.0078	80163.2344	25011.2695	13036.3438	33795.8125	
15	44287.2344	48171.9297	111606.4766	71902.3828	7111.3418	76623.6250	4559.4316	52119.6367	10119.7549	72891.8203	43801.2812	145912.6719	10558.0889	167220.0781	2118.6511	143357.3125	24876.8613	50175.2891	98806.1016	95415.7812	20184.0449	81469.0391	40243.8164	123760.3516	32155.4316	133580.1562	112435.8828	17323.2695	122513.8125	142741.4531	116757.7422	151433.5938	53242.0547	34293.7070	54100.6836	50149.4062	36534.0664	91917.7734	80374.6719	137167.6250	
;
param DEM_pct:=	#Demand of product 1 at retailer c at time period t
[1,*,*]:	1	2	3	4	5	:=
1	568.0000	481.0000	491.0000	419.0000	444.0000	 
2	506.0000	506.0000	543.0000	457.0000	423.0000	 
3	437.0000	487.0000	437.0000	425.0000	545.0000	 
4	582.0000	412.0000	408.0000	457.0000	516.0000	 
5	588.0000	516.0000	536.0000	530.0000	589.0000	 
6	571.0000	472.0000	564.0000	452.0000	597.0000	 
7	480.0000	511.0000	530.0000	463.0000	574.0000	 
8	598.0000	514.0000	445.0000	457.0000	564.0000	 
9	512.0000	508.0000	430.0000	548.0000	431.0000	 
10	437.0000	517.0000	524.0000	438.0000	587.0000	 
11	542.0000	560.0000	556.0000	505.0000	526.0000	 
12	404.0000	517.0000	522.0000	534.0000	441.0000	 
13	464.0000	595.0000	455.0000	540.0000	453.0000	 
14	515.0000	574.0000	563.0000	406.0000	485.0000	 
15	479.0000	580.0000	407.0000	491.0000	596.0000	 
16	407.0000	534.0000	547.0000	421.0000	452.0000	 
17	495.0000	440.0000	587.0000	543.0000	420.0000	 
18	575.0000	458.0000	481.0000	524.0000	499.0000	 
19	507.0000	588.0000	477.0000	504.0000	439.0000	 
20	407.0000	504.0000	420.0000	535.0000	447.0000	 
21	502.0000	563.0000	539.0000	485.0000	536.0000	 
22	464.0000	582.0000	462.0000	523.0000	489.0000	 
23	410.0000	481.0000	518.0000	495.0000	587.0000	 
24	426.0000	550.0000	525.0000	471.0000	511.0000	 
25	426.0000	519.0000	428.0000	518.0000	566.0000	 
26	482.0000	411.0000	445.0000	514.0000	523.0000	 
27	590.0000	580.0000	458.0000	423.0000	564.0000	 
28	505.0000	593.0000	414.0000	470.0000	549.0000	 
29	513.0000	563.0000	549.0000	471.0000	476.0000	 
30	446.0000	562.0000	487.0000	569.0000	590.0000	 
31	468.0000	474.0000	496.0000	550.0000	403.0000	 
32	486.0000	561.0000	430.0000	551.0000	470.0000	 
33	409.0000	545.0000	572.0000	595.0000	430.0000	 
34	518.0000	454.0000	577.0000	418.0000	436.0000	 
35	416.0000	459.0000	591.0000	473.0000	512.0000	 
36	479.0000	596.0000	543.0000	568.0000	425.0000	 
37	587.0000	455.0000	538.0000	459.0000	530.0000	 
38	407.0000	478.0000	590.0000	429.0000	474.0000	 
39	586.0000	402.0000	568.0000	568.0000	556.0000	 
40	576.0000	476.0000	459.0000	505.0000	459.0000	 
[2,*,*]:	1	2	3	4	5	:=
1	449.0000	412.0000	471.0000	431.0000	552.0000	 
2	536.0000	572.0000	496.0000	449.0000	552.0000	 
3	438.0000	477.0000	525.0000	527.0000	496.0000	 
4	527.0000	442.0000	496.0000	463.0000	434.0000	 
5	414.0000	441.0000	481.0000	533.0000	453.0000	 
6	576.0000	414.0000	561.0000	494.0000	463.0000	 
7	428.0000	519.0000	514.0000	537.0000	571.0000	 
8	492.0000	590.0000	597.0000	424.0000	509.0000	 
9	520.0000	403.0000	429.0000	549.0000	475.0000	 
10	563.0000	599.0000	517.0000	404.0000	431.0000	 
11	533.0000	554.0000	402.0000	527.0000	507.0000	 
12	426.0000	417.0000	591.0000	592.0000	464.0000	 
13	479.0000	422.0000	450.0000	465.0000	538.0000	 
14	486.0000	525.0000	531.0000	506.0000	508.0000	 
15	400.0000	527.0000	538.0000	597.0000	493.0000	 
16	537.0000	484.0000	442.0000	428.0000	418.0000	 
17	445.0000	483.0000	411.0000	401.0000	555.0000	 
18	578.0000	459.0000	480.0000	585.0000	480.0000	 
19	498.0000	413.0000	501.0000	542.0000	456.0000	 
20	492.0000	412.0000	521.0000	541.0000	405.0000	 
21	496.0000	417.0000	596.0000	487.0000	500.0000	 
22	498.0000	587.0000	528.0000	546.0000	518.0000	 
23	504.0000	564.0000	567.0000	519.0000	503.0000	 
24	482.0000	503.0000	412.0000	454.0000	560.0000	 
25	587.0000	402.0000	403.0000	586.0000	569.0000	 
26	499.0000	588.0000	450.0000	463.0000	588.0000	 
27	467.0000	596.0000	428.0000	522.0000	521.0000	 
28	432.0000	441.0000	482.0000	500.0000	466.0000	 
29	534.0000	590.0000	571.0000	435.0000	502.0000	 
30	599.0000	493.0000	573.0000	416.0000	540.0000	 
31	432.0000	584.0000	480.0000	482.0000	419.0000	 
32	415.0000	522.0000	508.0000	470.0000	593.0000	 
33	488.0000	537.0000	447.0000	501.0000	588.0000	 
34	481.0000	508.0000	459.0000	465.0000	478.0000	 
35	451.0000	554.0000	502.0000	589.0000	515.0000	 
36	544.0000	493.0000	451.0000	462.0000	446.0000	 
37	413.0000	541.0000	504.0000	449.0000	420.0000	 
38	475.0000	532.0000	468.0000	483.0000	494.0000	 
39	487.0000	484.0000	475.0000	473.0000	540.0000	 
40	550.0000	468.0000	555.0000	500.0000	490.0000	 
[3,*,*]:	1	2	3	4	5	:=
1	584.0000	511.0000	531.0000	446.0000	469.0000	 
2	494.0000	523.0000	547.0000	569.0000	541.0000	 
3	522.0000	497.0000	483.0000	556.0000	496.0000	 
4	435.0000	451.0000	449.0000	563.0000	599.0000	 
5	561.0000	543.0000	520.0000	476.0000	541.0000	 
6	508.0000	468.0000	416.0000	442.0000	596.0000	 
7	468.0000	544.0000	496.0000	517.0000	457.0000	 
8	530.0000	418.0000	528.0000	573.0000	579.0000	 
9	520.0000	428.0000	569.0000	486.0000	510.0000	 
10	537.0000	516.0000	566.0000	534.0000	590.0000	 
11	451.0000	526.0000	522.0000	539.0000	445.0000	 
12	415.0000	404.0000	493.0000	516.0000	407.0000	 
13	507.0000	516.0000	414.0000	579.0000	421.0000	 
14	440.0000	472.0000	525.0000	468.0000	510.0000	 
15	510.0000	459.0000	473.0000	579.0000	470.0000	 
16	580.0000	593.0000	554.0000	491.0000	589.0000	 
17	444.0000	585.0000	557.0000	522.0000	571.0000	 
18	469.0000	428.0000	402.0000	476.0000	487.0000	 
19	546.0000	434.0000	483.0000	494.0000	574.0000	 
20	453.0000	505.0000	416.0000	443.0000	442.0000	 
21	475.0000	549.0000	505.0000	473.0000	481.0000	 
22	587.0000	511.0000	446.0000	430.0000	561.0000	 
23	418.0000	449.0000	584.0000	429.0000	522.0000	 
24	497.0000	422.0000	540.0000	566.0000	578.0000	 
25	446.0000	479.0000	417.0000	580.0000	420.0000	 
26	581.0000	411.0000	479.0000	476.0000	503.0000	 
27	494.0000	562.0000	553.0000	538.0000	581.0000	 
28	408.0000	517.0000	490.0000	593.0000	425.0000	 
29	444.0000	495.0000	416.0000	470.0000	461.0000	 
30	555.0000	508.0000	407.0000	532.0000	555.0000	 
31	588.0000	563.0000	537.0000	437.0000	583.0000	 
32	429.0000	578.0000	503.0000	559.0000	478.0000	 
33	560.0000	516.0000	482.0000	477.0000	585.0000	 
34	572.0000	505.0000	454.0000	508.0000	537.0000	 
35	524.0000	522.0000	553.0000	453.0000	564.0000	 
36	460.0000	582.0000	466.0000	450.0000	555.0000	 
37	423.0000	552.0000	505.0000	531.0000	485.0000	 
38	478.0000	582.0000	530.0000	454.0000	430.0000	 
39	406.0000	525.0000	480.0000	541.0000	454.0000	 
40	561.0000	585.0000	537.0000	491.0000	510.0000	 
;
param FCW_w:=	#Fixed operating cost for depot w
1	8729.8896
2	8679.7266
3	8255.0547
4	10762.2764
5	9128.2520
6	11910.4414
7	10995.4160
8	10707.3467
9	10669.3018
10	10410.7021
11	8455.9404
12	11853.7793
13	10105.4150
14	10696.3428
15	10426.6484
;
param OFF_ip:	1	2	3	:=	#Off take of raw material i for product p
1	0.50	0.50	0.50	
2	0.50	0.50	0.50	
3	0.50	0.50	0.50	
4	0.50	0.50	0.50	
5	0.50	0.50	0.50	
;
param PS_m:=	#Storage capacity at manufacturer m
1	152623.0000
2	115728.0000
3	166043.0000
;
param PS_w:=	#Storage capacity at depot w
1	181075.0000
2	131062.0000
3	180903.0000
4	95423.0000
5	181297.0000
6	192000.0000
7	222737.0000
8	185878.0000
9	217049.0000
10	111403.0000
11	201947.0000
12	178717.0000
13	208359.0000
14	86824.0000
15	157853.0000
;
param PS_h:=	#Storage capacity in hybrid facility h
1	103927.0000
2	107022.0000
3	112629.0000
4	90055.0000
5	94478.0000
6	185566.0000
7	161874.0000
8	206130.0000
9	78728.0000
10	156416.0000
;
param W_p:=	#Weight of product p
1	1.00
2	1.00
3	1.00
;
param B_p:=	#Disposal rate of product p (rand [0,1])
1	  0.0200
2	  0.0200
3	  0.0200
;
param CI_ph:	1	2	3	4	5	6	7	8	9	10	:=	#Inventory holding cost per unit of product p at hybrid facility h
1	3	3	3	3	3	3	3	3	3	3	 
2	3	3	3	3	3	3	3	3	3	3	 
3	3	3	3	3	3	3	3	3	3	3	 
;
param CT_mw:=	#Cost of transportation/unit weight from manufacturer m to depot w
[1,*,*]:1	2	3	4	5	6	7	8	9	10	11	12	13	14	15	:=
1	96931.8906	9342.7822	16505.2676	92458.9375	7044.3589	55080.6953	5115.6538	13700.0938	7727.1108	70565.0391	18378.1504	97380.3750	14042.5547	38168.8281	49307.8438	 
2	12973.6914	39410.8125	20278.8457	11377.4316	83495.9531	9047.8096	46262.3242	9386.8916	24449.8809	7390.9951	8903.6191	18387.5996	9072.7803	42030.7969	133091.8125	 
3	36559.4023	37434.8242	17439.3594	34581.3789	98928.4766	423.5145	81775.0234	30558.1953	55525.8125	35188.8555	13850.2803	52619.3906	19903.4922	97145.0781	200937.6406	 
[2,*,*]:1	2	3	4	5	6	7	8	9	10	11	12	13	14	15	:=
1	96931.8906	9342.7822	16505.2676	92458.9375	7044.3589	55080.6953	5115.6538	13700.0938	7727.1108	70565.0391	18378.1504	97380.3750	14042.5547	38168.8281	49307.8438	 
2	12973.6914	39410.8125	20278.8457	11377.4316	83495.9531	9047.8096	46262.3242	9386.8916	24449.8809	7390.9951	8903.6191	18387.5996	9072.7803	42030.7969	133091.8125	 
3	36559.4023	37434.8242	17439.3594	34581.3789	98928.4766	423.5145	81775.0234	30558.1953	55525.8125	35188.8555	13850.2803	52619.3906	19903.4922	97145.0781	200937.6406	 
[3,*,*]:1	2	3	4	5	6	7	8	9	10	11	12	13	14	15	:=
1	96931.8906	9342.7822	16505.2676	92458.9375	7044.3589	55080.6953	5115.6538	13700.0938	7727.1108	70565.0391	18378.1504	97380.3750	14042.5547	38168.8281	49307.8438	 
2	12973.6914	39410.8125	20278.8457	11377.4316	83495.9531	9047.8096	46262.3242	9386.8916	24449.8809	7390.9951	8903.6191	18387.5996	9072.7803	42030.7969	133091.8125	 
3	36559.4023	37434.8242	17439.3594	34581.3789	98928.4766	423.5145	81775.0234	30558.1953	55525.8125	35188.8555	13850.2803	52619.3906	19903.4922	97145.0781	200937.6406	 
;
param CT_hc:=	#Cost of transportation/unit weight from hybrid facility h, to retailer c
[1,*,*]:1	2	3	4	5	6	7	8	9	10	11	12	13	14	15	16	17	18	19	20	21	22	23	24	25	26	27	28	29	30	31	32	33	34	35	36	37	38	39	40	:=
1	45004.2578	24687.8945	14667.3408	107787.1875	65775.3828	16293.8184	75950.9688	14609.3174	106510.4609	6742.4780	18118.3008	31910.4238	57714.7148	14378.8838	88704.2969	13683.4395	73010.3125	82400.8984	76370.5781	64568.4453	71682.5469	54969.3359	146207.5625	5364.7441	149282.8125	54189.2109	69461.0625	50658.7344	26944.7910	49106.4766	25522.4062	21431.3750	88928.9219	87576.3281	17833.3750	123897.3359	140301.9219	10566.3594	4745.8521	932.4282	 
2	20359.5293	26141.5117	75657.5625	39799.2031	5628.6470	47658.1836	5740.4224	32899.9570	1963.9962	58215.2109	32974.6016	101007.5781	8808.3164	125149.7812	5205.6372	103407.4375	7499.6938	23531.3203	59162.5156	56718.9766	5055.3984	46332.3594	21891.1875	89941.1328	17569.4766	87923.5547	69985.8750	5845.5869	81931.0391	96026.3984	77386.7031	108154.4609	25824.0020	13353.9512	32009.8926	25881.8672	18972.5762	61159.4766	56324.2930	108543.1875	 
3	2118.7163	6468.7935	14485.8486	13408.5137	41772.7812	7257.2451	49550.9219	15628.1621	33325.1445	43587.5625	34000.3164	19390.2676	42063.9531	40837.8750	55762.9453	27899.1777	11451.2930	6690.1245	6451.2466	4052.5071	13949.6846	1288.6144	35982.8281	28345.0078	41086.0664	12058.3906	7720.1816	17870.1426	12293.9062	15211.5449	10935.3789	26292.1289	8238.3887	11645.8037	9574.6230	22130.6602	34103.0234	13017.9492	22033.7930	53059.2734	 
4	39103.7188	21462.2344	8432.4658	94935.3594	68732.5469	11585.0811	79572.0703	13901.6357	103196.6172	10499.6973	21374.2363	21740.0156	61282.5312	8382.4473	92397.5703	7352.6812	67675.7188	72878.6250	63114.7500	52404.8438	67396.8281	44531.3125	136493.4375	1754.5195	140959.9219	41302.8164	55977.6406	49639.9766	17998.6426	36564.3359	16974.6777	13239.5557	78739.7812	79886.1562	15419.7178	112970.5781	131180.5625	6235.1655	3829.3953	1440.8396	 
5	77656.8438	49820.6133	31782.6035	155444.5625	96125.4375	37369.8125	107500.5391	34096.1172	151378.9375	15601.3154	34266.7773	51469.7773	85368.9609	22028.0820	122644.4688	25568.9941	112669.8984	125029.1562	115020.9688	100388.8750	110497.2500	89205.2344	201158.9062	15476.1504	204210.0312	83026.8203	105052.8438	82153.9141	47891.8867	75154.8984	46648.6094	35739.5078	133010.9844	131212.9375	39793.5625	175189.8594	194105.1719	27699.6484	18272.0625	2644.0203	 
6	13626.3779	7656.0537	37635.6250	54586.7227	4906.6846	19334.8145	8196.8672	6200.1538	22608.9531	15723.8643	4376.2305	63140.0000	3456.9214	68593.8125	12501.0068	54873.9297	15373.4434	32300.8691	55560.6250	48796.6289	12503.2881	37322.7031	54930.4102	41132.7109	52223.8281	65254.9570	60031.2656	2647.2544	48285.8750	68224.2344	44573.8984	62212.4219	36686.5859	26318.3242	8187.9575	50197.4883	50437.9141	25449.1074	17524.9141	47958.9766	 
7	2841.0881	4667.5610	32241.7637	25292.6543	11208.9238	15201.5547	15249.8086	9997.5430	11834.3398	31792.2422	16711.5801	49605.0156	11917.3750	67293.1797	18762.3281	51325.2227	2915.9539	11038.4902	29007.6035	25334.2910	2290.2686	17628.0742	28556.1875	43244.4336	28403.0430	43168.6523	34243.7305	1236.3777	36453.5273	47845.0625	33400.9375	54324.4531	13643.0391	8016.7046	7910.0645	23019.3223	25591.2383	23529.5098	23243.3828	60847.6367	 
8	3956.2627	 25.1142	13149.8154	35607.7891	21959.8301	3303.9299	28465.6055	1754.9888	32132.0879	16382.8652	9849.5352	28036.6562	20110.3848	36517.0273	35116.6250	25455.3594	13732.8320	19687.6484	27310.5957	21591.8633	13521.3623	14320.0723	52584.1445	18978.9883	54373.0742	29532.8828	28339.4766	7803.8584	18383.6348	31155.0273	16123.4707	28892.4258	23192.9707	20544.4023	389.7791	40680.9062	49001.5820	7159.8364	7134.5908	31754.2188	 
9	20374.3340	19983.9844	65241.5469	52769.4883	568.4398	39330.2617	1232.6608	21906.2949	9259.0449	38226.8867	18140.8652	93812.5781	1673.3700	108203.6797	2294.5605	89473.9531	12054.0762	31763.2363	66169.3281	61369.0312	8619.7842	49221.4531	38577.1523	73723.5078	33687.8008	88112.6406	75003.4297	3139.2437	75194.4141	94182.8125	70613.9922	96605.3906	35308.5312	21545.4980	23373.7441	40560.7891	34643.1250	50001.4570	41360.9609	84982.9297	 
10	8724.0674	21951.7148	53813.6445	6259.6880	31373.9004	34708.3281	35060.1719	36525.8906	8501.7539	75352.8750	52027.9727	63355.3438	35702.0664	99016.9844	36186.6055	78200.1797	2280.8860	1698.5426	18787.3613	19519.5566	3940.7329	15775.4805	6159.4258	75614.1094	7898.9194	43636.2734	26894.7480	14874.7539	50405.9180	51671.7930	47702.1406	76184.9609	1897.9160	 88.8291	29579.3633	2794.9497	5182.6577	47638.1484	55682.3906	107470.5312	 
[2,*,*]:1	2	3	4	5	6	7	8	9	10	11	12	13	14	15	16	17	18	19	20	21	22	23	24	25	26	27	28	29	30	31	32	33	34	35	36	37	38	39	40	:=
1	45004.2578	24687.8945	14667.3408	107787.1875	65775.3828	16293.8184	75950.9688	14609.3174	106510.4609	6742.4780	18118.3008	31910.4238	57714.7148	14378.8838	88704.2969	13683.4395	73010.3125	82400.8984	76370.5781	64568.4453	71682.5469	54969.3359	146207.5625	5364.7441	149282.8125	54189.2109	69461.0625	50658.7344	26944.7910	49106.4766	25522.4062	21431.3750	88928.9219	87576.3281	17833.3750	123897.3359	140301.9219	10566.3594	4745.8521	932.4282	 
2	20359.5293	26141.5117	75657.5625	39799.2031	5628.6470	47658.1836	5740.4224	32899.9570	1963.9962	58215.2109	32974.6016	101007.5781	8808.3164	125149.7812	5205.6372	103407.4375	7499.6938	23531.3203	59162.5156	56718.9766	5055.3984	46332.3594	21891.1875	89941.1328	17569.4766	87923.5547	69985.8750	5845.5869	81931.0391	96026.3984	77386.7031	108154.4609	25824.0020	13353.9512	32009.8926	25881.8672	18972.5762	61159.4766	56324.2930	108543.1875	 
3	2118.7163	6468.7935	14485.8486	13408.5137	41772.7812	7257.2451	49550.9219	15628.1621	33325.1445	43587.5625	34000.3164	19390.2676	42063.9531	40837.8750	55762.9453	27899.1777	11451.2930	6690.1245	6451.2466	4052.5071	13949.6846	1288.6144	35982.8281	28345.0078	41086.0664	12058.3906	7720.1816	17870.1426	12293.9062	15211.5449	10935.3789	26292.1289	8238.3887	11645.8037	9574.6230	22130.6602	34103.0234	13017.9492	22033.7930	53059.2734	 
4	39103.7188	21462.2344	8432.4658	94935.3594	68732.5469	11585.0811	79572.0703	13901.6357	103196.6172	10499.6973	21374.2363	21740.0156	61282.5312	8382.4473	92397.5703	7352.6812	67675.7188	72878.6250	63114.7500	52404.8438	67396.8281	44531.3125	136493.4375	1754.5195	140959.9219	41302.8164	55977.6406	49639.9766	17998.6426	36564.3359	16974.6777	13239.5557	78739.7812	79886.1562	15419.7178	112970.5781	131180.5625	6235.1655	3829.3953	1440.8396	 
5	77656.8438	49820.6133	31782.6035	155444.5625	96125.4375	37369.8125	107500.5391	34096.1172	151378.9375	15601.3154	34266.7773	51469.7773	85368.9609	22028.0820	122644.4688	25568.9941	112669.8984	125029.1562	115020.9688	100388.8750	110497.2500	89205.2344	201158.9062	15476.1504	204210.0312	83026.8203	105052.8438	82153.9141	47891.8867	75154.8984	46648.6094	35739.5078	133010.9844	131212.9375	39793.5625	175189.8594	194105.1719	27699.6484	18272.0625	2644.0203	 
6	13626.3779	7656.0537	37635.6250	54586.7227	4906.6846	19334.8145	8196.8672	6200.1538	22608.9531	15723.8643	4376.2305	63140.0000	3456.9214	68593.8125	12501.0068	54873.9297	15373.4434	32300.8691	55560.6250	48796.6289	12503.2881	37322.7031	54930.4102	41132.7109	52223.8281	65254.9570	60031.2656	2647.2544	48285.8750	68224.2344	44573.8984	62212.4219	36686.5859	26318.3242	8187.9575	50197.4883	50437.9141	25449.1074	17524.9141	47958.9766	 
7	2841.0881	4667.5610	32241.7637	25292.6543	11208.9238	15201.5547	15249.8086	9997.5430	11834.3398	31792.2422	16711.5801	49605.0156	11917.3750	67293.1797	18762.3281	51325.2227	2915.9539	11038.4902	29007.6035	25334.2910	2290.2686	17628.0742	28556.1875	43244.4336	28403.0430	43168.6523	34243.7305	1236.3777	36453.5273	47845.0625	33400.9375	54324.4531	13643.0391	8016.7046	7910.0645	23019.3223	25591.2383	23529.5098	23243.3828	60847.6367	 
8	3956.2627	 25.1142	13149.8154	35607.7891	21959.8301	3303.9299	28465.6055	1754.9888	32132.0879	16382.8652	9849.5352	28036.6562	20110.3848	36517.0273	35116.6250	25455.3594	13732.8320	19687.6484	27310.5957	21591.8633	13521.3623	14320.0723	52584.1445	18978.9883	54373.0742	29532.8828	28339.4766	7803.8584	18383.6348	31155.0273	16123.4707	28892.4258	23192.9707	20544.4023	389.7791	40680.9062	49001.5820	7159.8364	7134.5908	31754.2188	 
9	20374.3340	19983.9844	65241.5469	52769.4883	568.4398	39330.2617	1232.6608	21906.2949	9259.0449	38226.8867	18140.8652	93812.5781	1673.3700	108203.6797	2294.5605	89473.9531	12054.0762	31763.2363	66169.3281	61369.0312	8619.7842	49221.4531	38577.1523	73723.5078	33687.8008	88112.6406	75003.4297	3139.2437	75194.4141	94182.8125	70613.9922	96605.3906	35308.5312	21545.4980	23373.7441	40560.7891	34643.1250	50001.4570	41360.9609	84982.9297	 
10	8724.0674	21951.7148	53813.6445	6259.6880	31373.9004	34708.3281	35060.1719	36525.8906	8501.7539	75352.8750	52027.9727	63355.3438	35702.0664	99016.9844	36186.6055	78200.1797	2280.8860	1698.5426	18787.3613	19519.5566	3940.7329	15775.4805	6159.4258	75614.1094	7898.9194	43636.2734	26894.7480	14874.7539	50405.9180	51671.7930	47702.1406	76184.9609	1897.9160	 88.8291	29579.3633	2794.9497	5182.6577	47638.1484	55682.3906	107470.5312	 
[3,*,*]:1	2	3	4	5	6	7	8	9	10	11	12	13	14	15	16	17	18	19	20	21	22	23	24	25	26	27	28	29	30	31	32	33	34	35	36	37	38	39	40	:=
1	45004.2578	24687.8945	14667.3408	107787.1875	65775.3828	16293.8184	75950.9688	14609.3174	106510.4609	6742.4780	18118.3008	31910.4238	57714.7148	14378.8838	88704.2969	13683.4395	73010.3125	82400.8984	76370.5781	64568.4453	71682.5469	54969.3359	146207.5625	5364.7441	149282.8125	54189.2109	69461.0625	50658.7344	26944.7910	49106.4766	25522.4062	21431.3750	88928.9219	87576.3281	17833.3750	123897.3359	140301.9219	10566.3594	4745.8521	932.4282	 
2	20359.5293	26141.5117	75657.5625	39799.2031	5628.6470	47658.1836	5740.4224	32899.9570	1963.9962	58215.2109	32974.6016	101007.5781	8808.3164	125149.7812	5205.6372	103407.4375	7499.6938	23531.3203	59162.5156	56718.9766	5055.3984	46332.3594	21891.1875	89941.1328	17569.4766	87923.5547	69985.8750	5845.5869	81931.0391	96026.3984	77386.7031	108154.4609	25824.0020	13353.9512	32009.8926	25881.8672	18972.5762	61159.4766	56324.2930	108543.1875	 
3	2118.7163	6468.7935	14485.8486	13408.5137	41772.7812	7257.2451	49550.9219	15628.1621	33325.1445	43587.5625	34000.3164	19390.2676	42063.9531	40837.8750	55762.9453	27899.1777	11451.2930	6690.1245	6451.2466	4052.5071	13949.6846	1288.6144	35982.8281	28345.0078	41086.0664	12058.3906	7720.1816	17870.1426	12293.9062	15211.5449	10935.3789	26292.1289	8238.3887	11645.8037	9574.6230	22130.6602	34103.0234	13017.9492	22033.7930	53059.2734	 
4	39103.7188	21462.2344	8432.4658	94935.3594	68732.5469	11585.0811	79572.0703	13901.6357	103196.6172	10499.6973	21374.2363	21740.0156	61282.5312	8382.4473	92397.5703	7352.6812	67675.7188	72878.6250	63114.7500	52404.8438	67396.8281	44531.3125	136493.4375	1754.5195	140959.9219	41302.8164	55977.6406	49639.9766	17998.6426	36564.3359	16974.6777	13239.5557	78739.7812	79886.1562	15419.7178	112970.5781	131180.5625	6235.1655	3829.3953	1440.8396	 
5	77656.8438	49820.6133	31782.6035	155444.5625	96125.4375	37369.8125	107500.5391	34096.1172	151378.9375	15601.3154	34266.7773	51469.7773	85368.9609	22028.0820	122644.4688	25568.9941	112669.8984	125029.1562	115020.9688	100388.8750	110497.2500	89205.2344	201158.9062	15476.1504	204210.0312	83026.8203	105052.8438	82153.9141	47891.8867	75154.8984	46648.6094	35739.5078	133010.9844	131212.9375	39793.5625	175189.8594	194105.1719	27699.6484	18272.0625	2644.0203	 
6	13626.3779	7656.0537	37635.6250	54586.7227	4906.6846	19334.8145	8196.8672	6200.1538	22608.9531	15723.8643	4376.2305	63140.0000	3456.9214	68593.8125	12501.0068	54873.9297	15373.4434	32300.8691	55560.6250	48796.6289	12503.2881	37322.7031	54930.4102	41132.7109	52223.8281	65254.9570	60031.2656	2647.2544	48285.8750	68224.2344	44573.8984	62212.4219	36686.5859	26318.3242	8187.9575	50197.4883	50437.9141	25449.1074	17524.9141	47958.9766	 
7	2841.0881	4667.5610	32241.7637	25292.6543	11208.9238	15201.5547	15249.8086	9997.5430	11834.3398	31792.2422	16711.5801	49605.0156	11917.3750	67293.1797	18762.3281	51325.2227	2915.9539	11038.4902	29007.6035	25334.2910	2290.2686	17628.0742	28556.1875	43244.4336	28403.0430	43168.6523	34243.7305	1236.3777	36453.5273	47845.0625	33400.9375	54324.4531	13643.0391	8016.7046	7910.0645	23019.3223	25591.2383	23529.5098	23243.3828	60847.6367	 
8	3956.2627	 25.1142	13149.8154	35607.7891	21959.8301	3303.9299	28465.6055	1754.9888	32132.0879	16382.8652	9849.5352	28036.6562	20110.3848	36517.0273	35116.6250	25455.3594	13732.8320	19687.6484	27310.5957	21591.8633	13521.3623	14320.0723	52584.1445	18978.9883	54373.0742	29532.8828	28339.4766	7803.8584	18383.6348	31155.0273	16123.4707	28892.4258	23192.9707	20544.4023	389.7791	40680.9062	49001.5820	7159.8364	7134.5908	31754.2188	 
9	20374.3340	19983.9844	65241.5469	52769.4883	568.4398	39330.2617	1232.6608	21906.2949	9259.0449	38226.8867	18140.8652	93812.5781	1673.3700	108203.6797	2294.5605	89473.9531	12054.0762	31763.2363	66169.3281	61369.0312	8619.7842	49221.4531	38577.1523	73723.5078	33687.8008	88112.6406	75003.4297	3139.2437	75194.4141	94182.8125	70613.9922	96605.3906	35308.5312	21545.4980	23373.7441	40560.7891	34643.1250	50001.4570	41360.9609	84982.9297	 
10	8724.0674	21951.7148	53813.6445	6259.6880	31373.9004	34708.3281	35060.1719	36525.8906	8501.7539	75352.8750	52027.9727	63355.3438	35702.0664	99016.9844	36186.6055	78200.1797	2280.8860	1698.5426	18787.3613	19519.5566	3940.7329	15775.4805	6159.4258	75614.1094	7898.9194	43636.2734	26894.7480	14874.7539	50405.9180	51671.7930	47702.1406	76184.9609	1897.9160	 88.8291	29579.3633	2794.9497	5182.6577	47638.1484	55682.3906	107470.5312	 
;
param CT_ch:=	#Cost of transportation/unit weight from retailer c to hybrid facility h
[1,*,*]:1	2	3	4	5	6	7	8	9	10	:=
1	45004.2578	20359.5293	2118.7163	39103.7188	77656.8438	13626.3779	2841.0881	3956.2627	20374.3340	8724.0674	 
2	24687.8945	26141.5117	6468.7935	21462.2344	49820.6133	7656.0537	4667.5610	 25.1142	19983.9844	21951.7148	 
3	14667.3408	75657.5625	14485.8486	8432.4658	31782.6035	37635.6250	32241.7637	13149.8154	65241.5469	53813.6445	 
4	107787.1875	39799.2031	13408.5137	94935.3594	155444.5625	54586.7227	25292.6543	35607.7891	52769.4883	6259.6880	 
5	65775.3828	5628.6470	41772.7812	68732.5469	96125.4375	4906.6846	11208.9238	21959.8301	568.4398	31373.9004	 
6	16293.8184	47658.1836	7257.2451	11585.0811	37369.8125	19334.8145	15201.5547	3303.9299	39330.2617	34708.3281	 
7	75950.9688	5740.4224	49550.9219	79572.0703	107500.5391	8196.8672	15249.8086	28465.6055	1232.6608	35060.1719	 
8	14609.3174	32899.9570	15628.1621	13901.6357	34096.1172	6200.1538	9997.5430	1754.9888	21906.2949	36525.8906	 
9	106510.4609	1963.9962	33325.1445	103196.6172	151378.9375	22608.9531	11834.3398	32132.0879	9259.0449	8501.7539	 
10	6742.4780	58215.2109	43587.5625	10499.6973	15601.3154	15723.8643	31792.2422	16382.8652	38226.8867	75352.8750	 
11	18118.3008	32974.6016	34000.3164	21374.2363	34266.7773	4376.2305	16711.5801	9849.5352	18140.8652	52027.9727	 
12	31910.4238	101007.5781	19390.2676	21740.0156	51469.7773	63140.0000	49605.0156	28036.6562	93812.5781	63355.3438	 
13	57714.7148	8808.3164	42063.9531	61282.5312	85368.9609	3456.9214	11917.3750	20110.3848	1673.3700	35702.0664	 
14	14378.8838	125149.7812	40837.8750	8382.4473	22028.0820	68593.8125	67293.1797	36517.0273	108203.6797	99016.9844	 
15	88704.2969	5205.6372	55762.9453	92397.5703	122644.4688	12501.0068	18762.3281	35116.6250	2294.5605	36186.6055	 
16	13683.4395	103407.4375	27899.1777	7352.6812	25568.9941	54873.9297	51325.2227	25455.3594	89473.9531	78200.1797	 
17	73010.3125	7499.6938	11451.2930	67675.7188	112669.8984	15373.4434	2915.9539	13732.8320	12054.0762	2280.8860	 
18	82400.8984	23531.3203	6690.1245	72878.6250	125029.1562	32300.8691	11038.4902	19687.6484	31763.2363	1698.5426	 
19	76370.5781	59162.5156	6451.2466	63114.7500	115020.9688	55560.6250	29007.6035	27310.5957	66169.3281	18787.3613	 
20	64568.4453	56718.9766	4052.5071	52404.8438	100388.8750	48796.6289	25334.2910	21591.8633	61369.0312	19519.5566	 
21	71682.5469	5055.3984	13949.6846	67396.8281	110497.2500	12503.2881	2290.2686	13521.3623	8619.7842	3940.7329	 
22	54969.3359	46332.3594	1288.6144	44531.3125	89205.2344	37322.7031	17628.0742	14320.0723	49221.4531	15775.4805	 
23	146207.5625	21891.1875	35982.8281	136493.4375	201158.9062	54930.4102	28556.1875	52584.1445	38577.1523	6159.4258	 
24	5364.7441	89941.1328	28345.0078	1754.5195	15476.1504	41132.7109	43244.4336	18978.9883	73723.5078	75614.1094	 
25	149282.8125	17569.4766	41086.0664	140959.9219	204210.0312	52223.8281	28403.0430	54373.0742	33687.8008	7898.9194	 
26	54189.2109	87923.5547	12058.3906	41302.8164	83026.8203	65254.9570	43168.6523	29532.8828	88112.6406	43636.2734	 
27	69461.0625	69985.8750	7720.1816	55977.6406	105052.8438	60031.2656	34243.7305	28339.4766	75003.4297	26894.7480	 
28	50658.7344	5845.5869	17870.1426	49639.9766	82153.9141	2647.2544	1236.3777	7803.8584	3139.2437	14874.7539	 
29	26944.7910	81931.0391	12293.9062	17998.6426	47891.8867	48285.8750	36453.5273	18383.6348	75194.4141	50405.9180	 
30	49106.4766	96026.3984	15211.5449	36564.3359	75154.8984	68224.2344	47845.0625	31155.0273	94182.8125	51671.7930	 
31	25522.4062	77386.7031	10935.3789	16974.6777	46648.6094	44573.8984	33400.9375	16123.4707	70613.9922	47702.1406	 
32	21431.3750	108154.4609	26292.1289	13239.5557	35739.5078	62212.4219	54324.4531	28892.4258	96605.3906	76184.9609	 
33	88928.9219	25824.0020	8238.3887	78739.7812	133010.9844	36686.5859	13643.0391	23192.9707	35308.5312	1897.9160	 
34	87576.3281	13353.9512	11645.8037	79886.1562	131212.9375	26318.3242	8016.7046	20544.4023	21545.4980	 88.8291	 
35	17833.3750	32009.8926	9574.6230	15419.7178	39793.5625	8187.9575	7910.0645	389.7791	23373.7441	29579.3633	 
36	123897.3359	25881.8672	22130.6602	112970.5781	175189.8594	50197.4883	23019.3223	40680.9062	40560.7891	2794.9497	 
37	140301.9219	18972.5762	34103.0234	131180.5625	194105.1719	50437.9141	25591.2383	49001.5820	34643.1250	5182.6577	 
38	10566.3594	61159.4766	13017.9492	6235.1655	27699.6484	25449.1074	23529.5098	7159.8364	50001.4570	47638.1484	 
39	4745.8521	56324.2930	22033.7930	3829.3953	18272.0625	17524.9141	23243.3828	7134.5908	41360.9609	55682.3906	 
40	932.4282	108543.1875	53059.2734	1440.8396	2644.0203	47958.9766	60847.6367	31754.2188	84982.9297	107470.5312	 
[2,*,*]:1	2	3	4	5	6	7	8	9	10	:=
1	45004.2578	20359.5293	2118.7163	39103.7188	77656.8438	13626.3779	2841.0881	3956.2627	20374.3340	8724.0674	 
2	24687.8945	26141.5117	6468.7935	21462.2344	49820.6133	7656.0537	4667.5610	 25.1142	19983.9844	21951.7148	 
3	14667.3408	75657.5625	14485.8486	8432.4658	31782.6035	37635.6250	32241.7637	13149.8154	65241.5469	53813.6445	 
4	107787.1875	39799.2031	13408.5137	94935.3594	155444.5625	54586.7227	25292.6543	35607.7891	52769.4883	6259.6880	 
5	65775.3828	5628.6470	41772.7812	68732.5469	96125.4375	4906.6846	11208.9238	21959.8301	568.4398	31373.9004	 
6	16293.8184	47658.1836	7257.2451	11585.0811	37369.8125	19334.8145	15201.5547	3303.9299	39330.2617	34708.3281	 
7	75950.9688	5740.4224	49550.9219	79572.0703	107500.5391	8196.8672	15249.8086	28465.6055	1232.6608	35060.1719	 
8	14609.3174	32899.9570	15628.1621	13901.6357	34096.1172	6200.1538	9997.5430	1754.9888	21906.2949	36525.8906	 
9	106510.4609	1963.9962	33325.1445	103196.6172	151378.9375	22608.9531	11834.3398	32132.0879	9259.0449	8501.7539	 
10	6742.4780	58215.2109	43587.5625	10499.6973	15601.3154	15723.8643	31792.2422	16382.8652	38226.8867	75352.8750	 
11	18118.3008	32974.6016	34000.3164	21374.2363	34266.7773	4376.2305	16711.5801	9849.5352	18140.8652	52027.9727	 
12	31910.4238	101007.5781	19390.2676	21740.0156	51469.7773	63140.0000	49605.0156	28036.6562	93812.5781	63355.3438	 
13	57714.7148	8808.3164	42063.9531	61282.5312	85368.9609	3456.9214	11917.3750	20110.3848	1673.3700	35702.0664	 
14	14378.8838	125149.7812	40837.8750	8382.4473	22028.0820	68593.8125	67293.1797	36517.0273	108203.6797	99016.9844	 
15	88704.2969	5205.6372	55762.9453	92397.5703	122644.4688	12501.0068	18762.3281	35116.6250	2294.5605	36186.6055	 
16	13683.4395	103407.4375	27899.1777	7352.6812	25568.9941	54873.9297	51325.2227	25455.3594	89473.9531	78200.1797	 
17	73010.3125	7499.6938	11451.2930	67675.7188	112669.8984	15373.4434	2915.9539	13732.8320	12054.0762	2280.8860	 
18	82400.8984	23531.3203	6690.1245	72878.6250	125029.1562	32300.8691	11038.4902	19687.6484	31763.2363	1698.5426	 
19	76370.5781	59162.5156	6451.2466	63114.7500	115020.9688	55560.6250	29007.6035	27310.5957	66169.3281	18787.3613	 
20	64568.4453	56718.9766	4052.5071	52404.8438	100388.8750	48796.6289	25334.2910	21591.8633	61369.0312	19519.5566	 
21	71682.5469	5055.3984	13949.6846	67396.8281	110497.2500	12503.2881	2290.2686	13521.3623	8619.7842	3940.7329	 
22	54969.3359	46332.3594	1288.6144	44531.3125	89205.2344	37322.7031	17628.0742	14320.0723	49221.4531	15775.4805	 
23	146207.5625	21891.1875	35982.8281	136493.4375	201158.9062	54930.4102	28556.1875	52584.1445	38577.1523	6159.4258	 
24	5364.7441	89941.1328	28345.0078	1754.5195	15476.1504	41132.7109	43244.4336	18978.9883	73723.5078	75614.1094	 
25	149282.8125	17569.4766	41086.0664	140959.9219	204210.0312	52223.8281	28403.0430	54373.0742	33687.8008	7898.9194	 
26	54189.2109	87923.5547	12058.3906	41302.8164	83026.8203	65254.9570	43168.6523	29532.8828	88112.6406	43636.2734	 
27	69461.0625	69985.8750	7720.1816	55977.6406	105052.8438	60031.2656	34243.7305	28339.4766	75003.4297	26894.7480	 
28	50658.7344	5845.5869	17870.1426	49639.9766	82153.9141	2647.2544	1236.3777	7803.8584	3139.2437	14874.7539	 
29	26944.7910	81931.0391	12293.9062	17998.6426	47891.8867	48285.8750	36453.5273	18383.6348	75194.4141	50405.9180	 
30	49106.4766	96026.3984	15211.5449	36564.3359	75154.8984	68224.2344	47845.0625	31155.0273	94182.8125	51671.7930	 
31	25522.4062	77386.7031	10935.3789	16974.6777	46648.6094	44573.8984	33400.9375	16123.4707	70613.9922	47702.1406	 
32	21431.3750	108154.4609	26292.1289	13239.5557	35739.5078	62212.4219	54324.4531	28892.4258	96605.3906	76184.9609	 
33	88928.9219	25824.0020	8238.3887	78739.7812	133010.9844	36686.5859	13643.0391	23192.9707	35308.5312	1897.9160	 
34	87576.3281	13353.9512	11645.8037	79886.1562	131212.9375	26318.3242	8016.7046	20544.4023	21545.4980	 88.8291	 
35	17833.3750	32009.8926	9574.6230	15419.7178	39793.5625	8187.9575	7910.0645	389.7791	23373.7441	29579.3633	 
36	123897.3359	25881.8672	22130.6602	112970.5781	175189.8594	50197.4883	23019.3223	40680.9062	40560.7891	2794.9497	 
37	140301.9219	18972.5762	34103.0234	131180.5625	194105.1719	50437.9141	25591.2383	49001.5820	34643.1250	5182.6577	 
38	10566.3594	61159.4766	13017.9492	6235.1655	27699.6484	25449.1074	23529.5098	7159.8364	50001.4570	47638.1484	 
39	4745.8521	56324.2930	22033.7930	3829.3953	18272.0625	17524.9141	23243.3828	7134.5908	41360.9609	55682.3906	 
40	932.4282	108543.1875	53059.2734	1440.8396	2644.0203	47958.9766	60847.6367	31754.2188	84982.9297	107470.5312	 
[3,*,*]:1	2	3	4	5	6	7	8	9	10	:=
1	45004.2578	20359.5293	2118.7163	39103.7188	77656.8438	13626.3779	2841.0881	3956.2627	20374.3340	8724.0674	 
2	24687.8945	26141.5117	6468.7935	21462.2344	49820.6133	7656.0537	4667.5610	 25.1142	19983.9844	21951.7148	 
3	14667.3408	75657.5625	14485.8486	8432.4658	31782.6035	37635.6250	32241.7637	13149.8154	65241.5469	53813.6445	 
4	107787.1875	39799.2031	13408.5137	94935.3594	155444.5625	54586.7227	25292.6543	35607.7891	52769.4883	6259.6880	 
5	65775.3828	5628.6470	41772.7812	68732.5469	96125.4375	4906.6846	11208.9238	21959.8301	568.4398	31373.9004	 
6	16293.8184	47658.1836	7257.2451	11585.0811	37369.8125	19334.8145	15201.5547	3303.9299	39330.2617	34708.3281	 
7	75950.9688	5740.4224	49550.9219	79572.0703	107500.5391	8196.8672	15249.8086	28465.6055	1232.6608	35060.1719	 
8	14609.3174	32899.9570	15628.1621	13901.6357	34096.1172	6200.1538	9997.5430	1754.9888	21906.2949	36525.8906	 
9	106510.4609	1963.9962	33325.1445	103196.6172	151378.9375	22608.9531	11834.3398	32132.0879	9259.0449	8501.7539	 
10	6742.4780	58215.2109	43587.5625	10499.6973	15601.3154	15723.8643	31792.2422	16382.8652	38226.8867	75352.8750	 
11	18118.3008	32974.6016	34000.3164	21374.2363	34266.7773	4376.2305	16711.5801	9849.5352	18140.8652	52027.9727	 
12	31910.4238	101007.5781	19390.2676	21740.0156	51469.7773	63140.0000	49605.0156	28036.6562	93812.5781	63355.3438	 
13	57714.7148	8808.3164	42063.9531	61282.5312	85368.9609	3456.9214	11917.3750	20110.3848	1673.3700	35702.0664	 
14	14378.8838	125149.7812	40837.8750	8382.4473	22028.0820	68593.8125	67293.1797	36517.0273	108203.6797	99016.9844	 
15	88704.2969	5205.6372	55762.9453	92397.5703	122644.4688	12501.0068	18762.3281	35116.6250	2294.5605	36186.6055	 
16	13683.4395	103407.4375	27899.1777	7352.6812	25568.9941	54873.9297	51325.2227	25455.3594	89473.9531	78200.1797	 
17	73010.3125	7499.6938	11451.2930	67675.7188	112669.8984	15373.4434	2915.9539	13732.8320	12054.0762	2280.8860	 
18	82400.8984	23531.3203	6690.1245	72878.6250	125029.1562	32300.8691	11038.4902	19687.6484	31763.2363	1698.5426	 
19	76370.5781	59162.5156	6451.2466	63114.7500	115020.9688	55560.6250	29007.6035	27310.5957	66169.3281	18787.3613	 
20	64568.4453	56718.9766	4052.5071	52404.8438	100388.8750	48796.6289	25334.2910	21591.8633	61369.0312	19519.5566	 
21	71682.5469	5055.3984	13949.6846	67396.8281	110497.2500	12503.2881	2290.2686	13521.3623	8619.7842	3940.7329	 
22	54969.3359	46332.3594	1288.6144	44531.3125	89205.2344	37322.7031	17628.0742	14320.0723	49221.4531	15775.4805	 
23	146207.5625	21891.1875	35982.8281	136493.4375	201158.9062	54930.4102	28556.1875	52584.1445	38577.1523	6159.4258	 
24	5364.7441	89941.1328	28345.0078	1754.5195	15476.1504	41132.7109	43244.4336	18978.9883	73723.5078	75614.1094	 
25	149282.8125	17569.4766	41086.0664	140959.9219	204210.0312	52223.8281	28403.0430	54373.0742	33687.8008	7898.9194	 
26	54189.2109	87923.5547	12058.3906	41302.8164	83026.8203	65254.9570	43168.6523	29532.8828	88112.6406	43636.2734	 
27	69461.0625	69985.8750	7720.1816	55977.6406	105052.8438	60031.2656	34243.7305	28339.4766	75003.4297	26894.7480	 
28	50658.7344	5845.5869	17870.1426	49639.9766	82153.9141	2647.2544	1236.3777	7803.8584	3139.2437	14874.7539	 
29	26944.7910	81931.0391	12293.9062	17998.6426	47891.8867	48285.8750	36453.5273	18383.6348	75194.4141	50405.9180	 
30	49106.4766	96026.3984	15211.5449	36564.3359	75154.8984	68224.2344	47845.0625	31155.0273	94182.8125	51671.7930	 
31	25522.4062	77386.7031	10935.3789	16974.6777	46648.6094	44573.8984	33400.9375	16123.4707	70613.9922	47702.1406	 
32	21431.3750	108154.4609	26292.1289	13239.5557	35739.5078	62212.4219	54324.4531	28892.4258	96605.3906	76184.9609	 
33	88928.9219	25824.0020	8238.3887	78739.7812	133010.9844	36686.5859	13643.0391	23192.9707	35308.5312	1897.9160	 
34	87576.3281	13353.9512	11645.8037	79886.1562	131212.9375	26318.3242	8016.7046	20544.4023	21545.4980	 88.8291	 
35	17833.3750	32009.8926	9574.6230	15419.7178	39793.5625	8187.9575	7910.0645	389.7791	23373.7441	29579.3633	 
36	123897.3359	25881.8672	22130.6602	112970.5781	175189.8594	50197.4883	23019.3223	40680.9062	40560.7891	2794.9497	 
37	140301.9219	18972.5762	34103.0234	131180.5625	194105.1719	50437.9141	25591.2383	49001.5820	34643.1250	5182.6577	 
38	10566.3594	61159.4766	13017.9492	6235.1655	27699.6484	25449.1074	23529.5098	7159.8364	50001.4570	47638.1484	 
39	4745.8521	56324.2930	22033.7930	3829.3953	18272.0625	17524.9141	23243.3828	7134.5908	41360.9609	55682.3906	 
40	932.4282	108543.1875	53059.2734	1440.8396	2644.0203	47958.9766	60847.6367	31754.2188	84982.9297	107470.5312	 
;
param CT_hm:=	#Cost of transportation/unit weight from hybrid facility h to manufacturer m 
[1,*,*]:1	2	3	:=
1	59176.7891	8452.4053	41309.8203	 
2	22925.6445	96476.4531	148470.8906	 
3	1946.6318	28307.2539	43123.1328	 
4	51282.3750	3674.1746	29883.1074	 
5	95980.1797	19096.1074	55073.8164	 
6	22061.0176	47330.0078	97580.0078	 
7	6025.9126	47100.1641	83986.6719	 
8	9585.5254	21854.5488	53276.5664	 
9	26552.4492	81083.5391	137833.6250	 
10	4921.1392	77349.0625	102069.8516	 
[2,*,*]:1	2	3	:=
1	59176.7891	8452.4053	41309.8203	 
2	22925.6445	96476.4531	148470.8906	 
3	1946.6318	28307.2539	43123.1328	 
4	51282.3750	3674.1746	29883.1074	 
5	95980.1797	19096.1074	55073.8164	 
6	22061.0176	47330.0078	97580.0078	 
7	6025.9126	47100.1641	83986.6719	 
8	9585.5254	21854.5488	53276.5664	 
9	26552.4492	81083.5391	137833.6250	 
10	4921.1392	77349.0625	102069.8516	 
[3,*,*]:1	2	3	:=
1	59176.7891	8452.4053	41309.8203	 
2	22925.6445	96476.4531	148470.8906	 
3	1946.6318	28307.2539	43123.1328	 
4	51282.3750	3674.1746	29883.1074	 
5	95980.1797	19096.1074	55073.8164	 
6	22061.0176	47330.0078	97580.0078	 
7	6025.9126	47100.1641	83986.6719	 
8	9585.5254	21854.5488	53276.5664	 
9	26552.4492	81083.5391	137833.6250	 
10	4921.1392	77349.0625	102069.8516	 
;
param CT_mh:=	#Cost of transportation/unit weight from manufacturer m to hybrid facility h 
[1,*,*]:1	2	3	4	5	6	7	8	9	10	:=
1	59176.7891	22925.6445	1946.6318	51282.3750	95980.1797	22061.0176	6025.9126	9585.5254	26552.4492	4921.1392	 
2	8452.4053	96476.4531	28307.2539	3674.1746	19096.1074	47330.0078	47100.1641	21854.5488	81083.5391	77349.0625	 
3	41309.8203	148470.8906	43123.1328	29883.1074	55073.8164	97580.0078	83986.6719	53276.5664	137833.6250	102069.8516	 
[2,*,*]:1	2	3	4	5	6	7	8	9	10	:=
1	59176.7891	22925.6445	1946.6318	51282.3750	95980.1797	22061.0176	6025.9126	9585.5254	26552.4492	4921.1392	 
2	8452.4053	96476.4531	28307.2539	3674.1746	19096.1074	47330.0078	47100.1641	21854.5488	81083.5391	77349.0625	 
3	41309.8203	148470.8906	43123.1328	29883.1074	55073.8164	97580.0078	83986.6719	53276.5664	137833.6250	102069.8516	 
[3,*,*]:1	2	3	4	5	6	7	8	9	10	:=
1	59176.7891	22925.6445	1946.6318	51282.3750	95980.1797	22061.0176	6025.9126	9585.5254	26552.4492	4921.1392	 
2	8452.4053	96476.4531	28307.2539	3674.1746	19096.1074	47330.0078	47100.1641	21854.5488	81083.5391	77349.0625	 
3	41309.8203	148470.8906	43123.1328	29883.1074	55073.8164	97580.0078	83986.6719	53276.5664	137833.6250	102069.8516	 
;
param D_uh:=	#Distance from urban center u to hybrid facility h 
[1,*,*]:1	2	3	4	5	6	7	8	9	10	:=
1	17502.0156	40480.6602	6768.0791	13418.0781	39505.7422	14748.5820	11399.4551	1566.0431	32535.9102	30781.3711	 
2	11827.2461	59214.8320	11632.4131	7258.8398	29792.5742	24875.0332	22200.1934	6550.8799	48716.4727	45126.2109	 
3	47982.8242	156631.3281	46531.5820	35595.5547	62434.4102	105959.1328	90343.5938	59144.7109	146842.1250	106423.1719	 
4	3878.6406	126536.7969	75371.9375	7155.3228	 25.0222	58197.9102	78298.9766	46062.8516	98096.1484	134418.2188	 
5	91348.8672	1446.7478	26185.0547	88149.1328	133388.5469	16604.3184	7131.2637	23998.1348	6773.3945	6889.9453	 
6	4101.6719	71928.1953	23170.3906	1615.2325	16190.7148	28394.8438	31797.5566	11637.3008	56609.8438	63621.7422	 
[2,*,*]:1	2	3	4	5	6	7	8	9	10	:=
1	17502.0156	40480.6602	6768.0791	13418.0781	39505.7422	14748.5820	11399.4551	1566.0431	32535.9102	30781.3711	 
2	11827.2461	59214.8320	11632.4131	7258.8398	29792.5742	24875.0332	22200.1934	6550.8799	48716.4727	45126.2109	 
3	47982.8242	156631.3281	46531.5820	35595.5547	62434.4102	105959.1328	90343.5938	59144.7109	146842.1250	106423.1719	 
4	3878.6406	126536.7969	75371.9375	7155.3228	 25.0222	58197.9102	78298.9766	46062.8516	98096.1484	134418.2188	 
5	91348.8672	1446.7478	26185.0547	88149.1328	133388.5469	16604.3184	7131.2637	23998.1348	6773.3945	6889.9453	 
6	4101.6719	71928.1953	23170.3906	1615.2325	16190.7148	28394.8438	31797.5566	11637.3008	56609.8438	63621.7422	 
[3,*,*]:1	2	3	4	5	6	7	8	9	10	:=
1	17502.0156	40480.6602	6768.0791	13418.0781	39505.7422	14748.5820	11399.4551	1566.0431	32535.9102	30781.3711	 
2	11827.2461	59214.8320	11632.4131	7258.8398	29792.5742	24875.0332	22200.1934	6550.8799	48716.4727	45126.2109	 
3	47982.8242	156631.3281	46531.5820	35595.5547	62434.4102	105959.1328	90343.5938	59144.7109	146842.1250	106423.1719	 
4	3878.6406	126536.7969	75371.9375	7155.3228	 25.0222	58197.9102	78298.9766	46062.8516	98096.1484	134418.2188	 
5	91348.8672	1446.7478	26185.0547	88149.1328	133388.5469	16604.3184	7131.2637	23998.1348	6773.3945	6889.9453	 
6	4101.6719	71928.1953	23170.3906	1615.2325	16190.7148	28394.8438	31797.5566	11637.3008	56609.8438	63621.7422	 
;
param Surrounding:=	44546.8945	;
param Pop_u:=	#Population per urban center u
1	148207.0781
2	143485.2656
3	96916.3828
4	97196.5312
5	125660.5625
6	136597.9219
;
param CR_pm:	1	2	3	:=	#Cost of recycled/reprocessed per unit of product p in manufacturer m
1	87.0874	84.1008	78.4507	 
2	75.2491	86.0183	87.0872	 
3	75.9435	81.7759	79.4971	 
;
param FCH_h:=	#Operating fixed cost for hybrid facility h
1	9915.4150
2	11075.5322
3	10258.9150
4	9528.3955
5	10816.1289
6	10378.1016
7	11494.1045
8	8699.1426
9	9807.1787
10	10483.1445
;
param FCM_m:=	#Fixed cost for opening manufacturing plant m
1	39785.8906
2	45406.0312
3	33611.5234
;
param A_pct:=	#Return rate of product p available in retailer c at time period t (rand [0,1])
[1,*,*]:	1	2	3	4	5	:=
1	0.2000	0.2000	0.2000	0.2000	0.2000	 
2	0.2000	0.2000	0.2000	0.2000	0.2000	 
3	0.2000	0.2000	0.2000	0.2000	0.2000	 
4	0.2000	0.2000	0.2000	0.2000	0.2000	 
5	0.2000	0.2000	0.2000	0.2000	0.2000	 
6	0.2000	0.2000	0.2000	0.2000	0.2000	 
7	0.2000	0.2000	0.2000	0.2000	0.2000	 
8	0.2000	0.2000	0.2000	0.2000	0.2000	 
9	0.2000	0.2000	0.2000	0.2000	0.2000	 
10	0.2000	0.2000	0.2000	0.2000	0.2000	 
11	0.2000	0.2000	0.2000	0.2000	0.2000	 
12	0.2000	0.2000	0.2000	0.2000	0.2000	 
13	0.2000	0.2000	0.2000	0.2000	0.2000	 
14	0.2000	0.2000	0.2000	0.2000	0.2000	 
15	0.2000	0.2000	0.2000	0.2000	0.2000	 
16	0.2000	0.2000	0.2000	0.2000	0.2000	 
17	0.2000	0.2000	0.2000	0.2000	0.2000	 
18	0.2000	0.2000	0.2000	0.2000	0.2000	 
19	0.2000	0.2000	0.2000	0.2000	0.2000	 
20	0.2000	0.2000	0.2000	0.2000	0.2000	 
21	0.2000	0.2000	0.2000	0.2000	0.2000	 
22	0.2000	0.2000	0.2000	0.2000	0.2000	 
23	0.2000	0.2000	0.2000	0.2000	0.2000	 
24	0.2000	0.2000	0.2000	0.2000	0.2000	 
25	0.2000	0.2000	0.2000	0.2000	0.2000	 
26	0.2000	0.2000	0.2000	0.2000	0.2000	 
27	0.2000	0.2000	0.2000	0.2000	0.2000	 
28	0.2000	0.2000	0.2000	0.2000	0.2000	 
29	0.2000	0.2000	0.2000	0.2000	0.2000	 
30	0.2000	0.2000	0.2000	0.2000	0.2000	 
31	0.2000	0.2000	0.2000	0.2000	0.2000	 
32	0.2000	0.2000	0.2000	0.2000	0.2000	 
33	0.2000	0.2000	0.2000	0.2000	0.2000	 
34	0.2000	0.2000	0.2000	0.2000	0.2000	 
35	0.2000	0.2000	0.2000	0.2000	0.2000	 
36	0.2000	0.2000	0.2000	0.2000	0.2000	 
37	0.2000	0.2000	0.2000	0.2000	0.2000	 
38	0.2000	0.2000	0.2000	0.2000	0.2000	 
39	0.2000	0.2000	0.2000	0.2000	0.2000	 
40	0.2000	0.2000	0.2000	0.2000	0.2000	 
[2,*,*]:	1	2	3	4	5	:=
1	0.2000	0.2000	0.2000	0.2000	0.2000	 
2	0.2000	0.2000	0.2000	0.2000	0.2000	 
3	0.2000	0.2000	0.2000	0.2000	0.2000	 
4	0.2000	0.2000	0.2000	0.2000	0.2000	 
5	0.2000	0.2000	0.2000	0.2000	0.2000	 
6	0.2000	0.2000	0.2000	0.2000	0.2000	 
7	0.2000	0.2000	0.2000	0.2000	0.2000	 
8	0.2000	0.2000	0.2000	0.2000	0.2000	 
9	0.2000	0.2000	0.2000	0.2000	0.2000	 
10	0.2000	0.2000	0.2000	0.2000	0.2000	 
11	0.2000	0.2000	0.2000	0.2000	0.2000	 
12	0.2000	0.2000	0.2000	0.2000	0.2000	 
13	0.2000	0.2000	0.2000	0.2000	0.2000	 
14	0.2000	0.2000	0.2000	0.2000	0.2000	 
15	0.2000	0.2000	0.2000	0.2000	0.2000	 
16	0.2000	0.2000	0.2000	0.2000	0.2000	 
17	0.2000	0.2000	0.2000	0.2000	0.2000	 
18	0.2000	0.2000	0.2000	0.2000	0.2000	 
19	0.2000	0.2000	0.2000	0.2000	0.2000	 
20	0.2000	0.2000	0.2000	0.2000	0.2000	 
21	0.2000	0.2000	0.2000	0.2000	0.2000	 
22	0.2000	0.2000	0.2000	0.2000	0.2000	 
23	0.2000	0.2000	0.2000	0.2000	0.2000	 
24	0.2000	0.2000	0.2000	0.2000	0.2000	 
25	0.2000	0.2000	0.2000	0.2000	0.2000	 
26	0.2000	0.2000	0.2000	0.2000	0.2000	 
27	0.2000	0.2000	0.2000	0.2000	0.2000	 
28	0.2000	0.2000	0.2000	0.2000	0.2000	 
29	0.2000	0.2000	0.2000	0.2000	0.2000	 
30	0.2000	0.2000	0.2000	0.2000	0.2000	 
31	0.2000	0.2000	0.2000	0.2000	0.2000	 
32	0.2000	0.2000	0.2000	0.2000	0.2000	 
33	0.2000	0.2000	0.2000	0.2000	0.2000	 
34	0.2000	0.2000	0.2000	0.2000	0.2000	 
35	0.2000	0.2000	0.2000	0.2000	0.2000	 
36	0.2000	0.2000	0.2000	0.2000	0.2000	 
37	0.2000	0.2000	0.2000	0.2000	0.2000	 
38	0.2000	0.2000	0.2000	0.2000	0.2000	 
39	0.2000	0.2000	0.2000	0.2000	0.2000	 
40	0.2000	0.2000	0.2000	0.2000	0.2000	 
[3,*,*]:	1	2	3	4	5	:=
1	0.2000	0.2000	0.2000	0.2000	0.2000	 
2	0.2000	0.2000	0.2000	0.2000	0.2000	 
3	0.2000	0.2000	0.2000	0.2000	0.2000	 
4	0.2000	0.2000	0.2000	0.2000	0.2000	 
5	0.2000	0.2000	0.2000	0.2000	0.2000	 
6	0.2000	0.2000	0.2000	0.2000	0.2000	 
7	0.2000	0.2000	0.2000	0.2000	0.2000	 
8	0.2000	0.2000	0.2000	0.2000	0.2000	 
9	0.2000	0.2000	0.2000	0.2000	0.2000	 
10	0.2000	0.2000	0.2000	0.2000	0.2000	 
11	0.2000	0.2000	0.2000	0.2000	0.2000	 
12	0.2000	0.2000	0.2000	0.2000	0.2000	 
13	0.2000	0.2000	0.2000	0.2000	0.2000	 
14	0.2000	0.2000	0.2000	0.2000	0.2000	 
15	0.2000	0.2000	0.2000	0.2000	0.2000	 
16	0.2000	0.2000	0.2000	0.2000	0.2000	 
17	0.2000	0.2000	0.2000	0.2000	0.2000	 
18	0.2000	0.2000	0.2000	0.2000	0.2000	 
19	0.2000	0.2000	0.2000	0.2000	0.2000	 
20	0.2000	0.2000	0.2000	0.2000	0.2000	 
21	0.2000	0.2000	0.2000	0.2000	0.2000	 
22	0.2000	0.2000	0.2000	0.2000	0.2000	 
23	0.2000	0.2000	0.2000	0.2000	0.2000	 
24	0.2000	0.2000	0.2000	0.2000	0.2000	 
25	0.2000	0.2000	0.2000	0.2000	0.2000	 
26	0.2000	0.2000	0.2000	0.2000	0.2000	 
27	0.2000	0.2000	0.2000	0.2000	0.2000	 
28	0.2000	0.2000	0.2000	0.2000	0.2000	 
29	0.2000	0.2000	0.2000	0.2000	0.2000	 
30	0.2000	0.2000	0.2000	0.2000	0.2000	 
31	0.2000	0.2000	0.2000	0.2000	0.2000	 
32	0.2000	0.2000	0.2000	0.2000	0.2000	 
33	0.2000	0.2000	0.2000	0.2000	0.2000	 
34	0.2000	0.2000	0.2000	0.2000	0.2000	 
35	0.2000	0.2000	0.2000	0.2000	0.2000	 
36	0.2000	0.2000	0.2000	0.2000	0.2000	 
37	0.2000	0.2000	0.2000	0.2000	0.2000	 
38	0.2000	0.2000	0.2000	0.2000	0.2000	 
39	0.2000	0.2000	0.2000	0.2000	0.2000	 
40	0.2000	0.2000	0.2000	0.2000	0.2000	 
;
param SL:=	1.64	;	 
param SDS_p:=	#Sales standar deviation of product p 
1	 57.4641
2	 56.3342
3	 55.6980
;
param L_p:=	#Average lead time for product p at retailers (Lead time = Order to ship time + Transit lead time) - 4months
1	  2.5593
2	  3.1597
3	  3.2660
;
param CM_pm:=	#manufacturing capacity limit
1	300279.0000
2	300279.0000
3	300279.0000
;
param Mbig:=	 300279.0000;
param CO_vk:1	2	3:=	#Cost of CO2 emission per vehicle type v with size k
1	0.0003	0.001	0.002	#Electric Vehicle
2	0.001	0.003	0.006;	#Internal combustion

param VC_vk:1	2	3:= #Cost per vehicle type v with size k
1	100	200	1000	#Electric Vehicle
2	50	100	500	; 	#Internal combustion

param VQ_vk:1	2	3:=	#Capacity per vehicle type v with size k
1	10	20	50	#Electric Vehicle
2	10	20	50	; 	#Internal combustion

