#Coord Suppliers
# 	1	401.7871		 99.5939	
# 	2	369.5531		 12.5090	
# 	3	 48.4455		178.5156	
# 	4	238.4178		125.6422	
# 	5	150.9335		186.7558	
# 	6	197.1637		220.7646	
# 	7	233.1164		173.6576	
# 	8	290.4098		297.0673	
# 	9	368.9362		123.9603	
# 	10	394.3204		247.1278	
#Coord Manufacturers
# 	1	 24.5135		215.5912	
# 	2	360.9767		220.9220	
# 	3	319.1093		162.2811	
#Coord Warehouse
# 	1	 56.1709		287.2942	
# 	2	181.4653		 65.0854	
# 	3	322.7741		298.2622	
# 	4	115.0263		201.3928	
# 	5	269.5527		215.1996	
# 	6	421.8073		105.5429	
# 	7	114.1353		120.7417	
# 	8	335.9298		217.2212	
# 	9	182.7485		296.8140	
# 	10	202.7247		112.1425	
#Coord Hybrids
# 	1	319.3329		 24.7376	
# 	2	179.2678		231.2643	
# 	3	344.1379		 85.1578	
# 	4	 85.2940		141.3753	
# 	5	150.6627		220.4205	
#Coord Retailers
# 	1	 85.0982		 99.3312	
# 	2	379.9028		184.5072	
# 	3	398.3688		292.9659	
# 	4	376.6089		 54.2474	
# 	5	278.2847		142.8327	
# 	6	181.8705		222.5651	
# 	7	371.6700		204.9689	
# 	8	 62.6722		210.8475	
# 	9	 26.4768		 57.7996	
# 	10	416.1572		121.5307	
# 	11	 66.7312		204.6861	
# 	12	 73.5699		194.4676	
# 	13	113.2264		 12.4127	
# 	14	431.4252		 19.8661	
# 	15	230.8231		102.3890	
# 	16	297.0044		253.3282	
# 	17	271.7400		176.1641	
# 	18	 52.6649		213.1351	
# 	19	 92.0355		147.1103	
# 	20	 16.4738		 94.6211	
# 	21	388.3637		167.5400	
# 	22	246.0185		110.3474	
# 	23	372.6705		 82.9051	
# 	24	 56.5462		168.8343	
# 	25	120.3025		232.5105	
#Coord Urban center
# 	1	 80.7328		234.9770	
# 	2	273.5984		 12.5247	
# 	3	252.5738		200.4413	
# 	4	422.2767		235.8018	
# 	5	337.6937		149.1153	
# 	6	 19.2296		245.0602	

#Parameters

param I:=	5;	#Raw material
param S:=	10;	#Supplier
param M:=	3;	#Manufacturer
param H:=	5;	#Hybrid
param W:=	10;	#Warehouse
param C:=	25;	#Retailer
param P:=	3;	#Products
param T:=	5;	#Time period
param TV:=	2;	#Type of vehicle
param SZ:=	3;	#Size of vehicle
param UC:=	6;	#Urban centers

param CI_im:	1	2	3	:=	#Inventory holding cost/unit of raw material i at manufacturer m
1	3	3	3	 
2	3	3	3	 
3	3	3	3	 
4	3	3	3	 
5	3	3	3	 
; 
param CI_pw:	1	2	3	4	5	6	7	8	9	10	:=	#Inventory holding cost/unit of product p at depot w
1	3	3	3	3	3	3	3	3	3	3	 
2	3	3	3	3	3	3	3	3	3	3	 
3	3	3	3	3	3	3	3	3	3	3	 
;
param CP_pm:	1	2	3	:=	#Production cost of product p at manufacturer m
1	100.1362	105.5004	105.6680	 
2	101.1292	100.6278	105.7472	 
3	104.8549	103.0142	100.3980	 
;
param CT_ism:=	#Cost of raw material i per unit from supplier s to manufacturer m
[1,*,*]:1	2	3	:=
1	1408.4735	1281.0839	1252.9015	
2	1319.1666	1325.3864	1295.0793	
3	1266.7445	1444.8085	1350.1871	
4	1311.4537	1380.9430	1313.7465	
5	1462.9771	1370.8759	1405.7875	
6	1493.2682	1338.6869	1306.1614	
7	1494.6785	1396.7686	1495.4204	
8	1492.1665	1426.2760	1254.8464	
9	1403.2076	1312.3898	1282.3589	
10	1341.5653	1300.0234	1441.6204	
[2,*,*]:1	2	3	:=
1	1483.5453	1256.6006	1314.0159	
2	1316.5496	1285.5819	1487.8749	
3	1311.9030	1339.0465	1262.2347	
4	1309.5327	1470.7062	1491.1083	
5	1414.0070	1324.2153	1264.8340	
6	1466.1091	1288.7852	1317.3870	
7	1387.0511	1313.0693	1461.1696	
8	1375.5537	1371.1724	1476.3147	
9	1478.8171	1310.4070	1254.6918	
10	1417.5724	1317.6409	1253.5767	
[3,*,*]:1	2	3	:=
1	1274.2826	1354.7095	1280.1371	
2	1301.7722	1436.2639	1363.9220	
3	1278.3774	1303.8309	1482.5608	
4	1251.9736	1410.4679	1411.1656	
5	1420.0629	1394.5383	1446.1321	
6	1455.4618	1411.7073	1294.9099	
7	1431.5682	1321.1780	1460.3691	
8	1392.5417	1271.3169	1477.7380	
9	1365.6140	1485.7260	1260.1230	
10	1276.8638	1438.9299	1260.4443	
[4,*,*]:1	2	3	:=
1	1362.8907	1454.0215	1354.7994	
2	1297.4897	1460.8527	1276.8115	
3	1322.0046	1304.2422	1366.0668	
4	1329.8976	1477.2736	1446.4069	
5	1426.4376	1284.9758	1402.9553	
6	1462.8738	1480.9421	1415.5526	
7	1314.7449	1319.2000	1408.8695	
8	1431.1016	1326.3969	1419.4906	
9	1376.6234	1457.3464	1420.8245	
10	1477.5253	1279.9849	1459.9332	
[5,*,*]:1	2	3	:=
1	1487.0675	1393.4053	1251.0363	
2	1258.3781	1353.1165	1364.5693	
3	1369.4130	1420.3552	1438.7229	
4	1455.1962	1336.5773	1403.7375	
5	1348.2168	1431.3364	1390.8682	
6	1398.6946	1346.9342	1408.6151	
7	1466.9481	1412.9235	1282.1486	
8	1272.1846	1419.3666	1338.8986	
9	1328.6816	1472.5134	1465.9789	
10	1451.4155	1339.3308	1410.1953	
;
param CT_wc:=	#Cost of transportation/unit weight from depot w to retailer c1 (Matrix of the cost CTij)
[1,*,*]:1	2	3	4	5	6	7	8	9	10	11	12	13	14	15	16	17	18	19	20	21	22	23	24	25	:=
1	36166.8672	115367.5312	117131.6172	156991.3125	70203.7031	19990.2520	106317.1406	5886.3608	53549.4883	157067.6875	6935.6099	8919.5078	78815.1875	212333.5625	64693.3281	59154.4766	58819.9297	5511.8623	20937.7812	38698.7812	124693.1562	67352.2969	141946.9219	14032.8809	7114.1279	
2	10459.4023	53639.0078	98976.6719	38198.4570	15418.6396	24800.0410	55745.2227	35358.4141	24074.5352	58266.3516	32652.3066	28381.1797	7430.9678	64524.6992	3827.7473	48784.6484	20487.9980	38508.2852	14725.7969	28094.5547	53303.8906	6215.7656	36876.9766	26368.6250	31772.0547	
3	96063.3906	16203.8926	5742.6094	62441.4219	26137.6641	25583.8906	11094.4443	75294.3516	145614.3906	39954.4219	74314.4844	72876.0703	125620.2500	89309.4453	46821.3359	2683.1475	17512.4414	80205.6406	76087.2266	135289.5938	21390.3008	41203.4141	48868.3242	87628.8828	45318.0391	
4	11312.2627	70444.6641	88668.6250	90077.1875	30082.6016	4916.4097	65878.7656	2830.3428	28460.0234	97057.7500	2343.2661	1766.5914	35716.7422	133060.1875	23210.6484	35813.3047	25195.6523	4026.8315	3475.1672	21112.7988	75859.3516	25448.2227	80419.8750	4479.9751	996.1464	
5	47448.9414	13119.1768	22641.1953	37366.6562	5313.2300	7742.4136	10532.6133	42818.4609	83860.6562	30266.7500	41247.0898	38839.0547	65560.4688	64357.8828	14226.2285	2207.3838	1528.5574	47044.5820	36148.5078	78588.0938	16387.5059	11547.8506	28135.1270	47521.4805	22575.2637	
6	113411.6094	7991.3438	35676.7344	4674.1328	21989.2559	71263.8672	12399.2822	140067.0625	158565.6562	287.5338	135908.4219	129176.8594	103895.4453	7433.0166	36484.9297	37416.2578	27507.5625	147842.2344	110477.3281	164414.5312	4962.1084	30924.7852	2926.8926	137421.4219	107025.8750	
7	1301.5659	74698.3750	110449.8438	73313.8438	27433.0273	14956.0479	73418.3047	10767.5029	11645.7344	91217.8203	9293.8164	7081.0508	11736.0176	110848.7266	13952.8506	51020.2578	27910.8535	12315.1514	1183.7068	10220.0605	77391.2734	17501.2109	68272.0547	5629.3994	12530.2812	
8	76814.5469	3003.8245	9635.8955	28215.2324	8856.6084	23762.8398	1427.4749	74710.3594	121176.4219	15593.0859	72625.0469	69350.4531	91543.3594	48068.3672	24233.8633	2818.9087	5806.0225	80255.7266	64399.9883	117082.9141	5217.5303	19506.0488	19390.6699	80396.4922	46728.8906	
9	48535.0156	51482.6250	46506.9375	96420.3750	32837.4141	5513.6636	44126.8359	21808.5430	81548.7031	85203.8281	21947.5547	22394.7441	85717.4297	138540.1875	40112.2383	14945.4199	22475.8672	23923.9043	30640.0293	68529.2344	58989.3750	38772.8750	81827.3594	32305.7969	8034.4380	
10	14000.1152	36628.7344	70973.7344	33587.5586	6651.2061	12628.0420	37159.2578	29357.3633	34016.4688	45641.5781	27058.5469	23458.3594	17955.9922	60818.8516	884.6522	28822.0586	8861.8730	32717.4414	13474.8447	34996.3750	37530.7266	1877.5790	29736.4199	24582.0898	21281.8457	
[2,*,*]:1	2	3	4	5	6	7	8	9	10	11	12	13	14	15	16	17	18	19	20	21	22	23	24	25	:=
1	36166.8672	115367.5312	117131.6172	156991.3125	70203.7031	19990.2520	106317.1406	5886.3608	53549.4883	157067.6875	6935.6099	8919.5078	78815.1875	212333.5625	64693.3281	59154.4766	58819.9297	5511.8623	20937.7812	38698.7812	124693.1562	67352.2969	141946.9219	14032.8809	7114.1279	
2	10459.4023	53639.0078	98976.6719	38198.4570	15418.6396	24800.0410	55745.2227	35358.4141	24074.5352	58266.3516	32652.3066	28381.1797	7430.9678	64524.6992	3827.7473	48784.6484	20487.9980	38508.2852	14725.7969	28094.5547	53303.8906	6215.7656	36876.9766	26368.6250	31772.0547	
3	96063.3906	16203.8926	5742.6094	62441.4219	26137.6641	25583.8906	11094.4443	75294.3516	145614.3906	39954.4219	74314.4844	72876.0703	125620.2500	89309.4453	46821.3359	2683.1475	17512.4414	80205.6406	76087.2266	135289.5938	21390.3008	41203.4141	48868.3242	87628.8828	45318.0391	
4	11312.2627	70444.6641	88668.6250	90077.1875	30082.6016	4916.4097	65878.7656	2830.3428	28460.0234	97057.7500	2343.2661	1766.5914	35716.7422	133060.1875	23210.6484	35813.3047	25195.6523	4026.8315	3475.1672	21112.7988	75859.3516	25448.2227	80419.8750	4479.9751	996.1464	
5	47448.9414	13119.1768	22641.1953	37366.6562	5313.2300	7742.4136	10532.6133	42818.4609	83860.6562	30266.7500	41247.0898	38839.0547	65560.4688	64357.8828	14226.2285	2207.3838	1528.5574	47044.5820	36148.5078	78588.0938	16387.5059	11547.8506	28135.1270	47521.4805	22575.2637	
6	113411.6094	7991.3438	35676.7344	4674.1328	21989.2559	71263.8672	12399.2822	140067.0625	158565.6562	287.5338	135908.4219	129176.8594	103895.4453	7433.0166	36484.9297	37416.2578	27507.5625	147842.2344	110477.3281	164414.5312	4962.1084	30924.7852	2926.8926	137421.4219	107025.8750	
7	1301.5659	74698.3750	110449.8438	73313.8438	27433.0273	14956.0479	73418.3047	10767.5029	11645.7344	91217.8203	9293.8164	7081.0508	11736.0176	110848.7266	13952.8506	51020.2578	27910.8535	12315.1514	1183.7068	10220.0605	77391.2734	17501.2109	68272.0547	5629.3994	12530.2812	
8	76814.5469	3003.8245	9635.8955	28215.2324	8856.6084	23762.8398	1427.4749	74710.3594	121176.4219	15593.0859	72625.0469	69350.4531	91543.3594	48068.3672	24233.8633	2818.9087	5806.0225	80255.7266	64399.9883	117082.9141	5217.5303	19506.0488	19390.6699	80396.4922	46728.8906	
9	48535.0156	51482.6250	46506.9375	96420.3750	32837.4141	5513.6636	44126.8359	21808.5430	81548.7031	85203.8281	21947.5547	22394.7441	85717.4297	138540.1875	40112.2383	14945.4199	22475.8672	23923.9043	30640.0293	68529.2344	58989.3750	38772.8750	81827.3594	32305.7969	8034.4380	
10	14000.1152	36628.7344	70973.7344	33587.5586	6651.2061	12628.0420	37159.2578	29357.3633	34016.4688	45641.5781	27058.5469	23458.3594	17955.9922	60818.8516	884.6522	28822.0586	8861.8730	32717.4414	13474.8447	34996.3750	37530.7266	1877.5790	29736.4199	24582.0898	21281.8457	
[3,*,*]:1	2	3	4	5	6	7	8	9	10	11	12	13	14	15	16	17	18	19	20	21	22	23	24	25	:=
1	36166.8672	115367.5312	117131.6172	156991.3125	70203.7031	19990.2520	106317.1406	5886.3608	53549.4883	157067.6875	6935.6099	8919.5078	78815.1875	212333.5625	64693.3281	59154.4766	58819.9297	5511.8623	20937.7812	38698.7812	124693.1562	67352.2969	141946.9219	14032.8809	7114.1279	
2	10459.4023	53639.0078	98976.6719	38198.4570	15418.6396	24800.0410	55745.2227	35358.4141	24074.5352	58266.3516	32652.3066	28381.1797	7430.9678	64524.6992	3827.7473	48784.6484	20487.9980	38508.2852	14725.7969	28094.5547	53303.8906	6215.7656	36876.9766	26368.6250	31772.0547	
3	96063.3906	16203.8926	5742.6094	62441.4219	26137.6641	25583.8906	11094.4443	75294.3516	145614.3906	39954.4219	74314.4844	72876.0703	125620.2500	89309.4453	46821.3359	2683.1475	17512.4414	80205.6406	76087.2266	135289.5938	21390.3008	41203.4141	48868.3242	87628.8828	45318.0391	
4	11312.2627	70444.6641	88668.6250	90077.1875	30082.6016	4916.4097	65878.7656	2830.3428	28460.0234	97057.7500	2343.2661	1766.5914	35716.7422	133060.1875	23210.6484	35813.3047	25195.6523	4026.8315	3475.1672	21112.7988	75859.3516	25448.2227	80419.8750	4479.9751	996.1464	
5	47448.9414	13119.1768	22641.1953	37366.6562	5313.2300	7742.4136	10532.6133	42818.4609	83860.6562	30266.7500	41247.0898	38839.0547	65560.4688	64357.8828	14226.2285	2207.3838	1528.5574	47044.5820	36148.5078	78588.0938	16387.5059	11547.8506	28135.1270	47521.4805	22575.2637	
6	113411.6094	7991.3438	35676.7344	4674.1328	21989.2559	71263.8672	12399.2822	140067.0625	158565.6562	287.5338	135908.4219	129176.8594	103895.4453	7433.0166	36484.9297	37416.2578	27507.5625	147842.2344	110477.3281	164414.5312	4962.1084	30924.7852	2926.8926	137421.4219	107025.8750	
7	1301.5659	74698.3750	110449.8438	73313.8438	27433.0273	14956.0479	73418.3047	10767.5029	11645.7344	91217.8203	9293.8164	7081.0508	11736.0176	110848.7266	13952.8506	51020.2578	27910.8535	12315.1514	1183.7068	10220.0605	77391.2734	17501.2109	68272.0547	5629.3994	12530.2812	
8	76814.5469	3003.8245	9635.8955	28215.2324	8856.6084	23762.8398	1427.4749	74710.3594	121176.4219	15593.0859	72625.0469	69350.4531	91543.3594	48068.3672	24233.8633	2818.9087	5806.0225	80255.7266	64399.9883	117082.9141	5217.5303	19506.0488	19390.6699	80396.4922	46728.8906	
9	48535.0156	51482.6250	46506.9375	96420.3750	32837.4141	5513.6636	44126.8359	21808.5430	81548.7031	85203.8281	21947.5547	22394.7441	85717.4297	138540.1875	40112.2383	14945.4199	22475.8672	23923.9043	30640.0293	68529.2344	58989.3750	38772.8750	81827.3594	32305.7969	8034.4380	
10	14000.1152	36628.7344	70973.7344	33587.5586	6651.2061	12628.0420	37159.2578	29357.3633	34016.4688	45641.5781	27058.5469	23458.3594	17955.9922	60818.8516	884.6522	28822.0586	8861.8730	32717.4414	13474.8447	34996.3750	37530.7266	1877.5790	29736.4199	24582.0898	21281.8457	
;
param DEM_pct:=	#Demand of product 1 at retailer c at time period t
[1,*,*]:	1	2	3	4	5	:=
1	520.0000	447.0000	518.0000	599.0000	410.0000	 
2	448.0000	466.0000	560.0000	489.0000	413.0000	 
3	464.0000	566.0000	548.0000	456.0000	546.0000	 
4	464.0000	431.0000	597.0000	452.0000	522.0000	 
5	584.0000	529.0000	485.0000	479.0000	410.0000	 
6	416.0000	490.0000	584.0000	447.0000	574.0000	 
7	561.0000	435.0000	462.0000	486.0000	572.0000	 
8	527.0000	565.0000	499.0000	516.0000	491.0000	 
9	452.0000	524.0000	515.0000	573.0000	585.0000	 
10	515.0000	539.0000	478.0000	535.0000	600.0000	 
11	588.0000	428.0000	588.0000	408.0000	405.0000	 
12	436.0000	461.0000	597.0000	589.0000	553.0000	 
13	525.0000	594.0000	515.0000	443.0000	427.0000	 
14	553.0000	505.0000	563.0000	559.0000	534.0000	 
15	555.0000	538.0000	486.0000	566.0000	583.0000	 
16	555.0000	417.0000	590.0000	495.0000	577.0000	 
17	417.0000	588.0000	463.0000	484.0000	537.0000	 
18	418.0000	442.0000	517.0000	477.0000	421.0000	 
19	402.0000	579.0000	534.0000	465.0000	577.0000	 
20	593.0000	416.0000	452.0000	506.0000	584.0000	 
21	447.0000	587.0000	580.0000	468.0000	445.0000	 
22	437.0000	411.0000	591.0000	429.0000	592.0000	 
23	468.0000	412.0000	564.0000	561.0000	493.0000	 
24	554.0000	550.0000	490.0000	457.0000	428.0000	 
25	582.0000	416.0000	545.0000	416.0000	534.0000	 
[2,*,*]:	1	2	3	4	5	:=
1	412.0000	422.0000	495.0000	416.0000	406.0000	 
2	528.0000	579.0000	497.0000	568.0000	542.0000	 
3	587.0000	595.0000	518.0000	589.0000	541.0000	 
4	493.0000	583.0000	516.0000	448.0000	478.0000	 
5	484.0000	433.0000	405.0000	411.0000	536.0000	 
6	451.0000	430.0000	440.0000	564.0000	578.0000	 
7	491.0000	548.0000	515.0000	498.0000	529.0000	 
8	590.0000	560.0000	482.0000	450.0000	401.0000	 
9	458.0000	596.0000	485.0000	508.0000	413.0000	 
10	428.0000	597.0000	507.0000	444.0000	528.0000	 
11	545.0000	501.0000	466.0000	544.0000	426.0000	 
12	544.0000	490.0000	503.0000	525.0000	572.0000	 
13	463.0000	539.0000	423.0000	488.0000	543.0000	 
14	578.0000	511.0000	527.0000	506.0000	469.0000	 
15	569.0000	515.0000	452.0000	559.0000	567.0000	 
16	491.0000	536.0000	419.0000	545.0000	467.0000	 
17	405.0000	541.0000	510.0000	566.0000	423.0000	 
18	599.0000	467.0000	427.0000	408.0000	464.0000	 
19	442.0000	515.0000	592.0000	443.0000	466.0000	 
20	453.0000	454.0000	537.0000	579.0000	517.0000	 
21	480.0000	485.0000	511.0000	461.0000	452.0000	 
22	582.0000	502.0000	424.0000	514.0000	450.0000	 
23	401.0000	514.0000	472.0000	537.0000	523.0000	 
24	435.0000	460.0000	543.0000	486.0000	427.0000	 
25	435.0000	545.0000	525.0000	511.0000	411.0000	 
[3,*,*]:	1	2	3	4	5	:=
1	478.0000	489.0000	517.0000	539.0000	544.0000	 
2	518.0000	454.0000	482.0000	555.0000	493.0000	 
3	481.0000	571.0000	599.0000	484.0000	527.0000	 
4	582.0000	431.0000	458.0000	529.0000	436.0000	 
5	456.0000	587.0000	463.0000	419.0000	500.0000	 
6	415.0000	450.0000	591.0000	568.0000	430.0000	 
7	449.0000	411.0000	440.0000	562.0000	583.0000	 
8	525.0000	417.0000	500.0000	533.0000	421.0000	 
9	516.0000	551.0000	477.0000	565.0000	434.0000	 
10	453.0000	561.0000	537.0000	556.0000	436.0000	 
11	591.0000	435.0000	539.0000	462.0000	502.0000	 
12	583.0000	556.0000	550.0000	422.0000	583.0000	 
13	581.0000	597.0000	423.0000	477.0000	455.0000	 
14	570.0000	580.0000	501.0000	444.0000	410.0000	 
15	576.0000	590.0000	551.0000	565.0000	462.0000	 
16	426.0000	420.0000	534.0000	428.0000	585.0000	 
17	449.0000	550.0000	522.0000	469.0000	526.0000	 
18	404.0000	553.0000	434.0000	522.0000	424.0000	 
19	514.0000	547.0000	559.0000	427.0000	495.0000	 
20	482.0000	480.0000	566.0000	438.0000	552.0000	 
21	547.0000	484.0000	427.0000	541.0000	575.0000	 
22	435.0000	424.0000	442.0000	489.0000	492.0000	 
23	551.0000	433.0000	580.0000	504.0000	456.0000	 
24	405.0000	517.0000	440.0000	488.0000	592.0000	 
25	440.0000	483.0000	569.0000	405.0000	534.0000	 
;
param FCW_w:=	#Fixed operating cost for depot w
1	9862.4570
2	9371.2373
3	9999.9170
4	9728.4697
5	10230.2881
6	8432.4131
7	9420.1230
8	11719.4619
9	10015.5254
10	10565.9062
;
param OFF_ip:	1	2	3	:=	#Off take of raw material i for product p
1	0.50	0.50	0.50	
2	0.50	0.50	0.50	
3	0.50	0.50	0.50	
4	0.50	0.50	0.50	
5	0.50	0.50	0.50	
;
param PS_m:=	#Storage capacity at manufacturer m
1	91236.0000
2	137979.0000
3	57939.0000
;
param PS_w:=	#Storage capacity at depot w
1	79951.0000
2	110935.0000
3	120826.0000
4	84381.0000
5	116628.0000
6	82029.0000
7	56172.0000
8	48594.0000
9	60316.0000
10	139780.0000
;
param PS_h:=	#Storage capacity in hybrid facility h
1	65049.0000
2	47750.0000
3	100430.0000
4	92333.0000
5	75001.0000
;
param W_p:=	#Weight of product p
1	1.00
2	1.00
3	1.00
;
param B_p:=	#Disposal rate of product p (rand [0,1])
1	  0.0200
2	  0.0200
3	  0.0200
;
param CI_ph:	1	2	3	4	5	:=	#Inventory holding cost per unit of product p at hybrid facility h
1	3	3	3	3	3	 
2	3	3	3	3	3	 
3	3	3	3	3	3	 
;
param CT_mw:=	#Cost of transportation/unit weight from manufacturer m to depot w
[1,*,*]:1	2	3	4	5	6	7	8	9	10	:=
1	6143.5107	47285.8750	95793.9062	8394.1602	60044.3398	169952.9688	17028.4863	96982.7812	31635.4531	42460.8359	 
2	97311.8906	56509.4062	7440.9517	60873.0000	8391.1064	17012.6875	70966.7578	641.0436	37524.8984	36876.6914	 
3	84764.9062	28392.8711	18504.3145	43179.5977	5256.2383	13766.0938	43739.8438	3301.3457	36693.3750	16059.2568	 
[2,*,*]:1	2	3	4	5	6	7	8	9	10	:=
1	6143.5107	47285.8750	95793.9062	8394.1602	60044.3398	169952.9688	17028.4863	96982.7812	31635.4531	42460.8359	 
2	97311.8906	56509.4062	7440.9517	60873.0000	8391.1064	17012.6875	70966.7578	641.0436	37524.8984	36876.6914	 
3	84764.9062	28392.8711	18504.3145	43179.5977	5256.2383	13766.0938	43739.8438	3301.3457	36693.3750	16059.2568	 
[3,*,*]:1	2	3	4	5	6	7	8	9	10	:=
1	6143.5107	47285.8750	95793.9062	8394.1602	60044.3398	169952.9688	17028.4863	96982.7812	31635.4531	42460.8359	 
2	97311.8906	56509.4062	7440.9517	60873.0000	8391.1064	17012.6875	70966.7578	641.0436	37524.8984	36876.6914	 
3	84764.9062	28392.8711	18504.3145	43179.5977	5256.2383	13766.0938	43739.8438	3301.3457	36693.3750	16059.2568	 
;
param CT_hc:=	#Cost of transportation/unit weight from hybrid facility h, to retailer c
[1,*,*]:1	2	3	4	5	6	7	8	9	10	11	12	13	14	15	16	17	18	19	20	21	22	23	24	25	:=
1	60430.0859	29195.0566	78193.1250	4151.3701	15631.3994	58031.6406	35222.5195	100511.6016	86857.7812	18743.8711	96189.0938	89207.6875	42631.7812	12588.4180	13863.7227	52752.2383	25195.0820	106605.4375	66639.1953	96607.2812	25157.7891	12704.0371	6228.3750	89820.6797	82782.6406	 
2	26274.2500	42440.6172	51812.3438	70278.4688	17624.5000	 82.4495	37710.0352	14011.3770	53435.0859	68158.0234	13370.8916	12526.0420	52257.5039	108272.5000	19266.7871	14348.7168	11587.1260	16356.9746	14691.3691	45173.2500	47781.8750	19076.5469	59415.0391	18958.0840	3478.4570	 
3	67302.4688	11149.4258	46125.1953	2009.8147	7663.0332	45211.4844	15112.7178	95020.8438	101657.0859	6509.7632	91241.5234	85155.6641	58612.0078	11882.0645	13137.1719	30502.8477	13523.6133	101334.7422	67393.7656	107453.3359	8742.7393	10261.9375	819.1833	89710.7266	71815.0859	 
4	1767.7419	88654.7188	120995.5859	92455.6328	37247.5547	15918.8105	86055.3672	5338.1343	10444.3525	109864.2734	4352.8413	2956.2439	17411.5781	134571.2812	22698.6523	57354.7539	35972.3672	6214.1289	 78.3386	6922.1689	92535.8594	26795.1055	86004.0469	1580.4302	9531.2197	 
5	18961.3262	53840.7812	66621.1562	78665.1719	22307.2559	978.5247	49082.9609	7833.9697	41867.7031	80266.5156	7292.0732	6616.8540	44668.7578	119049.6250	20357.1309	22498.8008	16618.3301	9656.6553	8811.5381	33832.1602	59298.1133	21208.8203	68197.9531	11519.0469	1067.9069	 
[2,*,*]:1	2	3	4	5	6	7	8	9	10	11	12	13	14	15	16	17	18	19	20	21	22	23	24	25	:=
1	60430.0859	29195.0566	78193.1250	4151.3701	15631.3994	58031.6406	35222.5195	100511.6016	86857.7812	18743.8711	96189.0938	89207.6875	42631.7812	12588.4180	13863.7227	52752.2383	25195.0820	106605.4375	66639.1953	96607.2812	25157.7891	12704.0371	6228.3750	89820.6797	82782.6406	 
2	26274.2500	42440.6172	51812.3438	70278.4688	17624.5000	 82.4495	37710.0352	14011.3770	53435.0859	68158.0234	13370.8916	12526.0420	52257.5039	108272.5000	19266.7871	14348.7168	11587.1260	16356.9746	14691.3691	45173.2500	47781.8750	19076.5469	59415.0391	18958.0840	3478.4570	 
3	67302.4688	11149.4258	46125.1953	2009.8147	7663.0332	45211.4844	15112.7178	95020.8438	101657.0859	6509.7632	91241.5234	85155.6641	58612.0078	11882.0645	13137.1719	30502.8477	13523.6133	101334.7422	67393.7656	107453.3359	8742.7393	10261.9375	819.1833	89710.7266	71815.0859	 
4	1767.7419	88654.7188	120995.5859	92455.6328	37247.5547	15918.8105	86055.3672	5338.1343	10444.3525	109864.2734	4352.8413	2956.2439	17411.5781	134571.2812	22698.6523	57354.7539	35972.3672	6214.1289	 78.3386	6922.1689	92535.8594	26795.1055	86004.0469	1580.4302	9531.2197	 
5	18961.3262	53840.7812	66621.1562	78665.1719	22307.2559	978.5247	49082.9609	7833.9697	41867.7031	80266.5156	7292.0732	6616.8540	44668.7578	119049.6250	20357.1309	22498.8008	16618.3301	9656.6553	8811.5381	33832.1602	59298.1133	21208.8203	68197.9531	11519.0469	1067.9069	 
[3,*,*]:1	2	3	4	5	6	7	8	9	10	11	12	13	14	15	16	17	18	19	20	21	22	23	24	25	:=
1	60430.0859	29195.0566	78193.1250	4151.3701	15631.3994	58031.6406	35222.5195	100511.6016	86857.7812	18743.8711	96189.0938	89207.6875	42631.7812	12588.4180	13863.7227	52752.2383	25195.0820	106605.4375	66639.1953	96607.2812	25157.7891	12704.0371	6228.3750	89820.6797	82782.6406	 
2	26274.2500	42440.6172	51812.3438	70278.4688	17624.5000	 82.4495	37710.0352	14011.3770	53435.0859	68158.0234	13370.8916	12526.0420	52257.5039	108272.5000	19266.7871	14348.7168	11587.1260	16356.9746	14691.3691	45173.2500	47781.8750	19076.5469	59415.0391	18958.0840	3478.4570	 
3	67302.4688	11149.4258	46125.1953	2009.8147	7663.0332	45211.4844	15112.7178	95020.8438	101657.0859	6509.7632	91241.5234	85155.6641	58612.0078	11882.0645	13137.1719	30502.8477	13523.6133	101334.7422	67393.7656	107453.3359	8742.7393	10261.9375	819.1833	89710.7266	71815.0859	 
4	1767.7419	88654.7188	120995.5859	92455.6328	37247.5547	15918.8105	86055.3672	5338.1343	10444.3525	109864.2734	4352.8413	2956.2439	17411.5781	134571.2812	22698.6523	57354.7539	35972.3672	6214.1289	 78.3386	6922.1689	92535.8594	26795.1055	86004.0469	1580.4302	9531.2197	 
5	18961.3262	53840.7812	66621.1562	78665.1719	22307.2559	978.5247	49082.9609	7833.9697	41867.7031	80266.5156	7292.0732	6616.8540	44668.7578	119049.6250	20357.1309	22498.8008	16618.3301	9656.6553	8811.5381	33832.1602	59298.1133	21208.8203	68197.9531	11519.0469	1067.9069	 
;
param CT_ch:=	#Cost of transportation/unit weight from retailer c to hybrid facility h
[1,*,*]:1	2	3	4	5	:=
1	60430.0859	26274.2500	67302.4688	1767.7419	18961.3262	 
2	29195.0566	42440.6172	11149.4258	88654.7188	53840.7812	 
3	78193.1250	51812.3438	46125.1953	120995.5859	66621.1562	 
4	4151.3701	70278.4688	2009.8147	92455.6328	78665.1719	 
5	15631.3994	17624.5000	7663.0332	37247.5547	22307.2559	 
6	58031.6406	 82.4495	45211.4844	15918.8105	978.5247	 
7	35222.5195	37710.0352	15112.7178	86055.3672	49082.9609	 
8	100511.6016	14011.3770	95020.8438	5338.1343	7833.9697	 
9	86857.7812	53435.0859	101657.0859	10444.3525	41867.7031	 
10	18743.8711	68158.0234	6509.7632	109864.2734	80266.5156	 
11	96189.0938	13370.8916	91241.5234	4352.8413	7292.0732	 
12	89207.6875	12526.0420	85155.6641	2956.2439	6616.8540	 
13	42631.7812	52257.5039	58612.0078	17411.5781	44668.7578	 
14	12588.4180	108272.5000	11882.0645	134571.2812	119049.6250	 
15	13863.7227	19266.7871	13137.1719	22698.6523	20357.1309	 
16	52752.2383	14348.7168	30502.8477	57354.7539	22498.8008	 
17	25195.0820	11587.1260	13523.6133	35972.3672	16618.3301	 
18	106605.4375	16356.9746	101334.7422	6214.1289	9656.6553	 
19	66639.1953	14691.3691	67393.7656	 78.3386	8811.5381	 
20	96607.2812	45173.2500	107453.3359	6922.1689	33832.1602	 
21	25157.7891	47781.8750	8742.7393	92535.8594	59298.1133	 
22	12704.0371	19076.5469	10261.9375	26795.1055	21208.8203	 
23	6228.3750	59415.0391	819.1833	86004.0469	68197.9531	 
24	89820.6797	18958.0840	89710.7266	1580.4302	11519.0469	 
25	82782.6406	3478.4570	71815.0859	9531.2197	1067.9069	 
[2,*,*]:1	2	3	4	5	:=
1	60430.0859	26274.2500	67302.4688	1767.7419	18961.3262	 
2	29195.0566	42440.6172	11149.4258	88654.7188	53840.7812	 
3	78193.1250	51812.3438	46125.1953	120995.5859	66621.1562	 
4	4151.3701	70278.4688	2009.8147	92455.6328	78665.1719	 
5	15631.3994	17624.5000	7663.0332	37247.5547	22307.2559	 
6	58031.6406	 82.4495	45211.4844	15918.8105	978.5247	 
7	35222.5195	37710.0352	15112.7178	86055.3672	49082.9609	 
8	100511.6016	14011.3770	95020.8438	5338.1343	7833.9697	 
9	86857.7812	53435.0859	101657.0859	10444.3525	41867.7031	 
10	18743.8711	68158.0234	6509.7632	109864.2734	80266.5156	 
11	96189.0938	13370.8916	91241.5234	4352.8413	7292.0732	 
12	89207.6875	12526.0420	85155.6641	2956.2439	6616.8540	 
13	42631.7812	52257.5039	58612.0078	17411.5781	44668.7578	 
14	12588.4180	108272.5000	11882.0645	134571.2812	119049.6250	 
15	13863.7227	19266.7871	13137.1719	22698.6523	20357.1309	 
16	52752.2383	14348.7168	30502.8477	57354.7539	22498.8008	 
17	25195.0820	11587.1260	13523.6133	35972.3672	16618.3301	 
18	106605.4375	16356.9746	101334.7422	6214.1289	9656.6553	 
19	66639.1953	14691.3691	67393.7656	 78.3386	8811.5381	 
20	96607.2812	45173.2500	107453.3359	6922.1689	33832.1602	 
21	25157.7891	47781.8750	8742.7393	92535.8594	59298.1133	 
22	12704.0371	19076.5469	10261.9375	26795.1055	21208.8203	 
23	6228.3750	59415.0391	819.1833	86004.0469	68197.9531	 
24	89820.6797	18958.0840	89710.7266	1580.4302	11519.0469	 
25	82782.6406	3478.4570	71815.0859	9531.2197	1067.9069	 
[3,*,*]:1	2	3	4	5	:=
1	60430.0859	26274.2500	67302.4688	1767.7419	18961.3262	 
2	29195.0566	42440.6172	11149.4258	88654.7188	53840.7812	 
3	78193.1250	51812.3438	46125.1953	120995.5859	66621.1562	 
4	4151.3701	70278.4688	2009.8147	92455.6328	78665.1719	 
5	15631.3994	17624.5000	7663.0332	37247.5547	22307.2559	 
6	58031.6406	 82.4495	45211.4844	15918.8105	978.5247	 
7	35222.5195	37710.0352	15112.7178	86055.3672	49082.9609	 
8	100511.6016	14011.3770	95020.8438	5338.1343	7833.9697	 
9	86857.7812	53435.0859	101657.0859	10444.3525	41867.7031	 
10	18743.8711	68158.0234	6509.7632	109864.2734	80266.5156	 
11	96189.0938	13370.8916	91241.5234	4352.8413	7292.0732	 
12	89207.6875	12526.0420	85155.6641	2956.2439	6616.8540	 
13	42631.7812	52257.5039	58612.0078	17411.5781	44668.7578	 
14	12588.4180	108272.5000	11882.0645	134571.2812	119049.6250	 
15	13863.7227	19266.7871	13137.1719	22698.6523	20357.1309	 
16	52752.2383	14348.7168	30502.8477	57354.7539	22498.8008	 
17	25195.0820	11587.1260	13523.6133	35972.3672	16618.3301	 
18	106605.4375	16356.9746	101334.7422	6214.1289	9656.6553	 
19	66639.1953	14691.3691	67393.7656	 78.3386	8811.5381	 
20	96607.2812	45173.2500	107453.3359	6922.1689	33832.1602	 
21	25157.7891	47781.8750	8742.7393	92535.8594	59298.1133	 
22	12704.0371	19076.5469	10261.9375	26795.1055	21208.8203	 
23	6228.3750	59415.0391	819.1833	86004.0469	68197.9531	 
24	89820.6797	18958.0840	89710.7266	1580.4302	11519.0469	 
25	82782.6406	3478.4570	71815.0859	9531.2197	1067.9069	 
;
param CT_hm:=	#Cost of transportation/unit weight from hybrid facility h to manufacturer m 
[1,*,*]:1	2	3	:=
1	123343.5312	40222.5469	18918.2617	 
2	24194.5410	33125.0938	24314.3281	 
3	119172.6328	18715.4609	6574.4258	 
4	9202.2607	82328.6719	55106.6641	 
5	15936.9434	44232.2383	31754.4551	 
[2,*,*]:1	2	3	:=
1	123343.5312	40222.5469	18918.2617	 
2	24194.5410	33125.0938	24314.3281	 
3	119172.6328	18715.4609	6574.4258	 
4	9202.2607	82328.6719	55106.6641	 
5	15936.9434	44232.2383	31754.4551	 
[3,*,*]:1	2	3	:=
1	123343.5312	40222.5469	18918.2617	 
2	24194.5410	33125.0938	24314.3281	 
3	119172.6328	18715.4609	6574.4258	 
4	9202.2607	82328.6719	55106.6641	 
5	15936.9434	44232.2383	31754.4551	 
;
param CT_mh:=	#Cost of transportation/unit weight from manufacturer m to hybrid facility h 
[1,*,*]:1	2	3	4	5	:=
1	123343.5312	24194.5410	119172.6328	9202.2607	15936.9434	 
2	40222.5469	33125.0938	18715.4609	82328.6719	44232.2383	 
3	18918.2617	24314.3281	6574.4258	55106.6641	31754.4551	 
[2,*,*]:1	2	3	4	5	:=
1	123343.5312	24194.5410	119172.6328	9202.2607	15936.9434	 
2	40222.5469	33125.0938	18715.4609	82328.6719	44232.2383	 
3	18918.2617	24314.3281	6574.4258	55106.6641	31754.4551	 
[3,*,*]:1	2	3	4	5	:=
1	123343.5312	24194.5410	119172.6328	9202.2607	15936.9434	 
2	40222.5469	33125.0938	18715.4609	82328.6719	44232.2383	 
3	18918.2617	24314.3281	6574.4258	55106.6641	31754.4551	 
;
param D_uh:=	#Distance from urban center u to hybrid facility h 
[1,*,*]:1	2	3	4	5	:=
1	101130.5781	9722.9248	91828.0312	8782.0820	5102.0776	 
2	2240.7993	56745.2734	10251.4082	52061.0234	58333.8672	 
3	35328.5781	6323.8228	21674.2754	31471.3359	10785.0391	 
4	55145.5234	59073.8906	28799.2617	122473.6953	74010.7266	 
5	15806.9414	31847.2227	4132.0874	63765.5391	40065.0352	 
6	138604.0156	25802.5508	131134.2188	15115.0674	17881.7715	 
[2,*,*]:1	2	3	4	5	:=
1	101130.5781	9722.9248	91828.0312	8782.0820	5102.0776	 
2	2240.7993	56745.2734	10251.4082	52061.0234	58333.8672	 
3	35328.5781	6323.8228	21674.2754	31471.3359	10785.0391	 
4	55145.5234	59073.8906	28799.2617	122473.6953	74010.7266	 
5	15806.9414	31847.2227	4132.0874	63765.5391	40065.0352	 
6	138604.0156	25802.5508	131134.2188	15115.0674	17881.7715	 
[3,*,*]:1	2	3	4	5	:=
1	101130.5781	9722.9248	91828.0312	8782.0820	5102.0776	 
2	2240.7993	56745.2734	10251.4082	52061.0234	58333.8672	 
3	35328.5781	6323.8228	21674.2754	31471.3359	10785.0391	 
4	55145.5234	59073.8906	28799.2617	122473.6953	74010.7266	 
5	15806.9414	31847.2227	4132.0874	63765.5391	40065.0352	 
6	138604.0156	25802.5508	131134.2188	15115.0674	17881.7715	 
;
param Surrounding:=	44181.2891	;
param Pop_u:=	#Population per urban center u
1	134924.5000
2	141697.3281
3	159653.9531
4	116678.5625
5	150257.9375
6	111580.7031
;
param CR_pm:	1	2	3	:=	#Cost of recycled/reprocessed per unit of product p in manufacturer m
1	88.9591	85.5271	81.2132	 
2	75.3552	85.3610	85.0942	 
3	80.0632	89.5848	88.8177	 
;
param FCH_h:=	#Operating fixed cost for hybrid facility h
1	10010.1260
2	11386.3193
3	11408.0771
4	9476.8145
5	11971.9961
;
param FCM_m:=	#Fixed cost for opening manufacturing plant m
1	40954.4844
2	49495.4961
3	42484.1797
;
param A_pct:=	#Return rate of product p available in retailer c at time period t (rand [0,1])
[1,*,*]:	1	2	3	4	5	:=
1	0.5000	0.5000	0.5000	0.5000	0.5000	 
2	0.5000	0.5000	0.5000	0.5000	0.5000	 
3	0.5000	0.5000	0.5000	0.5000	0.5000	 
4	0.5000	0.5000	0.5000	0.5000	0.5000	 
5	0.5000	0.5000	0.5000	0.5000	0.5000	 
6	0.5000	0.5000	0.5000	0.5000	0.5000	 
7	0.5000	0.5000	0.5000	0.5000	0.5000	 
8	0.5000	0.5000	0.5000	0.5000	0.5000	 
9	0.5000	0.5000	0.5000	0.5000	0.5000	 
10	0.5000	0.5000	0.5000	0.5000	0.5000	 
11	0.5000	0.5000	0.5000	0.5000	0.5000	 
12	0.5000	0.5000	0.5000	0.5000	0.5000	 
13	0.5000	0.5000	0.5000	0.5000	0.5000	 
14	0.5000	0.5000	0.5000	0.5000	0.5000	 
15	0.5000	0.5000	0.5000	0.5000	0.5000	 
16	0.5000	0.5000	0.5000	0.5000	0.5000	 
17	0.5000	0.5000	0.5000	0.5000	0.5000	 
18	0.5000	0.5000	0.5000	0.5000	0.5000	 
19	0.5000	0.5000	0.5000	0.5000	0.5000	 
20	0.5000	0.5000	0.5000	0.5000	0.5000	 
21	0.5000	0.5000	0.5000	0.5000	0.5000	 
22	0.5000	0.5000	0.5000	0.5000	0.5000	 
23	0.5000	0.5000	0.5000	0.5000	0.5000	 
24	0.5000	0.5000	0.5000	0.5000	0.5000	 
25	0.5000	0.5000	0.5000	0.5000	0.5000	 
[2,*,*]:	1	2	3	4	5	:=
1	0.5000	0.5000	0.5000	0.5000	0.5000	 
2	0.5000	0.5000	0.5000	0.5000	0.5000	 
3	0.5000	0.5000	0.5000	0.5000	0.5000	 
4	0.5000	0.5000	0.5000	0.5000	0.5000	 
5	0.5000	0.5000	0.5000	0.5000	0.5000	 
6	0.5000	0.5000	0.5000	0.5000	0.5000	 
7	0.5000	0.5000	0.5000	0.5000	0.5000	 
8	0.5000	0.5000	0.5000	0.5000	0.5000	 
9	0.5000	0.5000	0.5000	0.5000	0.5000	 
10	0.5000	0.5000	0.5000	0.5000	0.5000	 
11	0.5000	0.5000	0.5000	0.5000	0.5000	 
12	0.5000	0.5000	0.5000	0.5000	0.5000	 
13	0.5000	0.5000	0.5000	0.5000	0.5000	 
14	0.5000	0.5000	0.5000	0.5000	0.5000	 
15	0.5000	0.5000	0.5000	0.5000	0.5000	 
16	0.5000	0.5000	0.5000	0.5000	0.5000	 
17	0.5000	0.5000	0.5000	0.5000	0.5000	 
18	0.5000	0.5000	0.5000	0.5000	0.5000	 
19	0.5000	0.5000	0.5000	0.5000	0.5000	 
20	0.5000	0.5000	0.5000	0.5000	0.5000	 
21	0.5000	0.5000	0.5000	0.5000	0.5000	 
22	0.5000	0.5000	0.5000	0.5000	0.5000	 
23	0.5000	0.5000	0.5000	0.5000	0.5000	 
24	0.5000	0.5000	0.5000	0.5000	0.5000	 
25	0.5000	0.5000	0.5000	0.5000	0.5000	 
[3,*,*]:	1	2	3	4	5	:=
1	0.5000	0.5000	0.5000	0.5000	0.5000	 
2	0.5000	0.5000	0.5000	0.5000	0.5000	 
3	0.5000	0.5000	0.5000	0.5000	0.5000	 
4	0.5000	0.5000	0.5000	0.5000	0.5000	 
5	0.5000	0.5000	0.5000	0.5000	0.5000	 
6	0.5000	0.5000	0.5000	0.5000	0.5000	 
7	0.5000	0.5000	0.5000	0.5000	0.5000	 
8	0.5000	0.5000	0.5000	0.5000	0.5000	 
9	0.5000	0.5000	0.5000	0.5000	0.5000	 
10	0.5000	0.5000	0.5000	0.5000	0.5000	 
11	0.5000	0.5000	0.5000	0.5000	0.5000	 
12	0.5000	0.5000	0.5000	0.5000	0.5000	 
13	0.5000	0.5000	0.5000	0.5000	0.5000	 
14	0.5000	0.5000	0.5000	0.5000	0.5000	 
15	0.5000	0.5000	0.5000	0.5000	0.5000	 
16	0.5000	0.5000	0.5000	0.5000	0.5000	 
17	0.5000	0.5000	0.5000	0.5000	0.5000	 
18	0.5000	0.5000	0.5000	0.5000	0.5000	 
19	0.5000	0.5000	0.5000	0.5000	0.5000	 
20	0.5000	0.5000	0.5000	0.5000	0.5000	 
21	0.5000	0.5000	0.5000	0.5000	0.5000	 
22	0.5000	0.5000	0.5000	0.5000	0.5000	 
23	0.5000	0.5000	0.5000	0.5000	0.5000	 
24	0.5000	0.5000	0.5000	0.5000	0.5000	 
25	0.5000	0.5000	0.5000	0.5000	0.5000	 
;
param SL:=	1.64	;	 
param SDS_p:=	#Sales standar deviation of product p 
1	 61.9063
2	 59.0664
3	 58.8971
;
param L_p:=	#Average lead time for product p at retailers (Lead time = Order to ship time + Transit lead time) - 4months
1	  2.5836
2	  3.2965
3	  3.5313
;
param CM_pm:=	#manufacturing capacity limit
1	187993.0000
2	187993.0000
3	187993.0000
;
param Mbig:=	 187993.0000;
param CO_vk:1	2	3:=	#Cost of CO2 emission per vehicle type v with size k
1	0.0003	0.001	0.002	#Electric Vehicle
2	0.001	0.003	0.006;	#Internal combustion

param VC_vk:1	2	3:= #Cost per vehicle type v with size k
1	100	200	1000	#Electric Vehicle
2	50	100	500	; 	#Internal combustion

param VQ_vk:1	2	3:=	#Capacity per vehicle type v with size k
1	10	20	50	#Electric Vehicle
2	10	20	50	; 	#Internal combustion

