#Coord Suppliers
# 	1	435.1634		164.1697	
# 	2	437.7080		214.4448	
# 	3	313.9780		 64.8268	
# 	4	439.3235		  1.8691	
# 	5	113.8421		130.4375	
# 	6	350.7223		 59.3055	
# 	7	388.3470		295.0202	
# 	8	 73.7290		179.2002	
#Coord Manufacturers
# 	1	  4.0437		115.9714	
# 	2	 19.8720		286.9959	
# 	3	196.2660		284.6932	
#Coord Warehouse
# 	1	353.8377		259.8868	
# 	2	 77.9245		 22.4846	
# 	3	270.3342		 50.3917	
# 	4	330.0211		122.5332	
# 	5	237.5590		281.2715	
#Coord Hybrids
# 	1	234.7633		 32.4580	
# 	2	 71.2005		163.5608	
# 	3	235.9818		191.2831	
# 	4	180.6730		194.9415	
# 	5	178.6050		187.1748	
#Coord Retailers
# 	1	345.3322		 53.6922	
# 	2	169.0091		150.7599	
# 	3	309.0002		 76.1039	
# 	4	249.6334		187.4792	
# 	5	402.9755		108.8561	
# 	6	286.9007		 57.4339	
# 	7	224.0074		 54.7336	
# 	8	413.2724		129.5466	
# 	9	373.5847		125.0329	
# 	10	407.1004		121.4476	
# 	11	149.0285		171.6416	
# 	12	380.4496		258.3043	
# 	13	268.0596		 25.3985	
# 	14	268.7700		 73.6361	
# 	15	329.6671		268.3954	
#Coord Urban center
# 	1	231.6303		181.0690	
# 	2	 29.2805		162.0224	
# 	3	 58.1340		184.3689	
# 	4	163.6427		230.3274	
# 	5	 21.8404		 32.9454	
# 	6	307.8104		154.3961	

#Parameters

param I:=	4;	#Raw material
param S:=	8;	#Supplier
param M:=	3;	#Manufacturer
param H:=	5;	#Hybrid
param W:=	5;	#Warehouse
param C:=	15;	#Retailer
param P:=	3;	#Products
param T:=	5;	#Time period
param TV:=	2;	#Type of vehicle
param SZ:=	3;	#Size of vehicle
param UC:=	6;	#Urban centers

param CI_im:	1	2	3	:=	#Inventory holding cost/unit of raw material i at manufacturer m
1	3	3	3	 
2	3	3	3	 
3	3	3	3	 
4	3	3	3	 
; 
param CI_pw:	1	2	3	4	5	:=	#Inventory holding cost/unit of product p at depot w
1	3	3	3	3	3	 
2	3	3	3	3	3	 
3	3	3	3	3	3	 
;
param CP_pm:	1	2	3	:=	#Production cost of product p at manufacturer m
1	105.7164	108.4371	104.8774	 
2	108.1014	105.1024	109.2672	 
3	106.6693	101.4873	103.6455	 
;
param CT_ism:=	#Cost of raw material i per unit from supplier s to manufacturer m
[1,*,*]:1	2	3	:=
1	1466.4437	1337.5713	1297.2565	
2	1368.1553	1348.1953	1404.7324	
3	1359.1915	1315.2306	1353.1180	
4	1354.7585	1475.6055	1494.9041	
5	1405.8922	1270.7960	1433.2496	
6	1419.6714	1456.5057	1336.8628	
7	1264.7200	1402.9554	1281.0037	
8	1439.8823	1448.6058	1352.1567	
[2,*,*]:1	2	3	:=
1	1485.9493	1293.4449	1485.6465	
2	1366.3724	1440.7484	1438.2051	
3	1495.3025	1493.3195	1260.0228	
4	1253.9928	1385.8226	1258.4694	
5	1414.3712	1383.7256	1416.6396	
6	1360.3352	1318.1179	1487.4172	
7	1432.0674	1251.5809	1274.8319	
8	1407.9231	1322.0092	1351.9054	
[3,*,*]:1	2	3	:=
1	1445.3828	1338.5364	1481.4521	
2	1430.1130	1387.9816	1295.2412	
3	1352.3978	1440.7205	1497.6992	
4	1268.4131	1283.6881	1435.0112	
5	1458.4453	1272.1932	1457.3545	
6	1446.6831	1422.0553	1334.9816	
7	1361.1351	1341.5840	1460.1166	
8	1332.0806	1330.6438	1483.8228	
[4,*,*]:1	2	3	:=
1	1479.9968	1492.1686	1451.8872	
2	1271.7289	1272.7277	1389.2705	
3	1464.0459	1471.0494	1409.2122	
4	1488.9512	1287.9714	1305.3953	
5	1333.1238	1314.2012	1328.0513	
6	1279.6113	1343.8351	1257.4435	
7	1384.4454	1486.4570	1361.2812	
8	1406.0383	1402.9531	1483.3448	
;
param CT_wc:=	#Cost of transportation/unit weight from depot w to retailer c1 (Matrix of the cost CTij)
[1,*,*]:1	2	3	4	5	6	7	8	9	10	11	12	13	14	15	:=
1	42588.5625	46070.2773	35786.5508	16101.3867	25224.8008	45467.7148	58943.7344	20521.0449	18575.5137	22002.3359	49734.0000	710.7012	62342.6328	41925.8242	656.6154	
2	72480.8359	24750.9766	56271.0234	56707.1953	113118.2500	44892.5273	22380.2148	123920.5391	97931.1172	118150.4844	27303.6172	147132.4375	36159.8789	39038.5000	123846.4688	
3	5635.5962	20340.5703	2156.1753	19221.5312	21011.8008	324.0415	2165.0317	26696.8281	16231.9648	23753.9355	29416.6328	55353.0664	629.8324	542.7518	51046.0078	
4	4973.5132	26721.6016	2597.5535	10680.1738	5509.4170	6097.2754	15835.6826	6979.9746	1904.0358	5942.4092	35169.9414	20976.8438	13274.3633	6142.6143	21275.9141	
5	63407.4258	21732.3535	47197.5859	8942.7754	57089.7109	52537.8555	51503.0508	53895.6484	42913.4844	54287.9922	19856.3438	20945.2402	66401.2812	44086.5781	8649.6943	
[2,*,*]:1	2	3	4	5	6	7	8	9	10	11	12	13	14	15	:=
1	42588.5625	46070.2773	35786.5508	16101.3867	25224.8008	45467.7148	58943.7344	20521.0449	18575.5137	22002.3359	49734.0000	710.7012	62342.6328	41925.8242	656.6154	
2	72480.8359	24750.9766	56271.0234	56707.1953	113118.2500	44892.5273	22380.2148	123920.5391	97931.1172	118150.4844	27303.6172	147132.4375	36159.8789	39038.5000	123846.4688	
3	5635.5962	20340.5703	2156.1753	19221.5312	21011.8008	324.0415	2165.0317	26696.8281	16231.9648	23753.9355	29416.6328	55353.0664	629.8324	542.7518	51046.0078	
4	4973.5132	26721.6016	2597.5535	10680.1738	5509.4170	6097.2754	15835.6826	6979.9746	1904.0358	5942.4092	35169.9414	20976.8438	13274.3633	6142.6143	21275.9141	
5	63407.4258	21732.3535	47197.5859	8942.7754	57089.7109	52537.8555	51503.0508	53895.6484	42913.4844	54287.9922	19856.3438	20945.2402	66401.2812	44086.5781	8649.6943	
[3,*,*]:1	2	3	4	5	6	7	8	9	10	11	12	13	14	15	:=
1	42588.5625	46070.2773	35786.5508	16101.3867	25224.8008	45467.7148	58943.7344	20521.0449	18575.5137	22002.3359	49734.0000	710.7012	62342.6328	41925.8242	656.6154	
2	72480.8359	24750.9766	56271.0234	56707.1953	113118.2500	44892.5273	22380.2148	123920.5391	97931.1172	118150.4844	27303.6172	147132.4375	36159.8789	39038.5000	123846.4688	
3	5635.5962	20340.5703	2156.1753	19221.5312	21011.8008	324.0415	2165.0317	26696.8281	16231.9648	23753.9355	29416.6328	55353.0664	629.8324	542.7518	51046.0078	
4	4973.5132	26721.6016	2597.5535	10680.1738	5509.4170	6097.2754	15835.6826	6979.9746	1904.0358	5942.4092	35169.9414	20976.8438	13274.3633	6142.6143	21275.9141	
5	63407.4258	21732.3535	47197.5859	8942.7754	57089.7109	52537.8555	51503.0508	53895.6484	42913.4844	54287.9922	19856.3438	20945.2402	66401.2812	44086.5781	8649.6943	
;
param DEM_pct:=	#Demand of product 1 at retailer c at time period t
[1,*,*]:	1	2	3	4	5	:=
1	547.0000	565.0000	467.0000	581.0000	437.0000	 
2	482.0000	547.0000	467.0000	577.0000	572.0000	 
3	433.0000	446.0000	410.0000	572.0000	468.0000	 
4	479.0000	454.0000	425.0000	491.0000	447.0000	 
5	513.0000	441.0000	502.0000	590.0000	474.0000	 
6	591.0000	411.0000	510.0000	520.0000	592.0000	 
7	585.0000	502.0000	552.0000	595.0000	547.0000	 
8	591.0000	588.0000	496.0000	532.0000	436.0000	 
9	487.0000	573.0000	515.0000	456.0000	425.0000	 
10	446.0000	425.0000	447.0000	477.0000	409.0000	 
11	568.0000	481.0000	513.0000	527.0000	427.0000	 
12	417.0000	431.0000	597.0000	421.0000	485.0000	 
13	575.0000	517.0000	404.0000	578.0000	477.0000	 
14	434.0000	467.0000	519.0000	408.0000	529.0000	 
15	522.0000	446.0000	485.0000	439.0000	404.0000	 
[2,*,*]:	1	2	3	4	5	:=
1	517.0000	489.0000	568.0000	440.0000	488.0000	 
2	533.0000	414.0000	471.0000	537.0000	449.0000	 
3	473.0000	515.0000	482.0000	575.0000	572.0000	 
4	567.0000	485.0000	438.0000	528.0000	486.0000	 
5	501.0000	530.0000	588.0000	562.0000	425.0000	 
6	581.0000	535.0000	464.0000	546.0000	495.0000	 
7	512.0000	514.0000	430.0000	472.0000	487.0000	 
8	412.0000	545.0000	465.0000	495.0000	590.0000	 
9	574.0000	455.0000	480.0000	514.0000	424.0000	 
10	559.0000	465.0000	423.0000	541.0000	503.0000	 
11	405.0000	513.0000	553.0000	406.0000	532.0000	 
12	450.0000	487.0000	414.0000	506.0000	588.0000	 
13	461.0000	413.0000	570.0000	590.0000	498.0000	 
14	582.0000	582.0000	547.0000	566.0000	432.0000	 
15	569.0000	483.0000	457.0000	512.0000	571.0000	 
[3,*,*]:	1	2	3	4	5	:=
1	487.0000	416.0000	457.0000	457.0000	539.0000	 
2	591.0000	510.0000	451.0000	541.0000	430.0000	 
3	412.0000	530.0000	475.0000	490.0000	415.0000	 
4	496.0000	521.0000	597.0000	404.0000	503.0000	 
5	497.0000	525.0000	571.0000	500.0000	515.0000	 
6	501.0000	559.0000	581.0000	465.0000	545.0000	 
7	531.0000	475.0000	561.0000	539.0000	498.0000	 
8	514.0000	590.0000	528.0000	527.0000	476.0000	 
9	556.0000	574.0000	462.0000	465.0000	535.0000	 
10	458.0000	416.0000	458.0000	539.0000	501.0000	 
11	516.0000	525.0000	507.0000	592.0000	562.0000	 
12	593.0000	539.0000	560.0000	550.0000	588.0000	 
13	468.0000	465.0000	402.0000	414.0000	592.0000	 
14	495.0000	424.0000	422.0000	504.0000	530.0000	 
15	567.0000	514.0000	467.0000	540.0000	438.0000	 
;
param FCW_w:=	#Fixed operating cost for depot w
1	9331.1660
2	8483.7246
3	10722.7559
4	10158.6064
5	9757.8965
;
param OFF_ip:	1	2	3	:=	#Off take of raw material i for product p
1	0.50	0.50	0.50	
2	0.50	0.50	0.50	
3	0.50	0.50	0.50	
4	0.50	0.50	0.50	
;
param PS_m:=	#Storage capacity at manufacturer m
1	41233.0000
2	75868.0000
3	50617.0000
;
param PS_w:=	#Storage capacity at depot w
1	79742.0000
2	43577.0000
3	64212.0000
4	69871.0000
5	37789.0000
;
param PS_h:=	#Storage capacity in hybrid facility h
1	38512.0000
2	71406.0000
3	33280.0000
4	55240.0000
5	32908.0000
;
param W_p:=	#Weight of product p
1	1.00
2	1.00
3	1.00
;
param B_p:=	#Disposal rate of product p (rand [0,1])
1	  0.0400
2	  0.0400
3	  0.0400
;
param CI_ph:	1	2	3	4	5	:=	#Inventory holding cost per unit of product p at hybrid facility h
1	3	3	3	3	3	 
2	3	3	3	3	3	 
3	3	3	3	3	3	 
;
param CT_mw:=	#Cost of transportation/unit weight from manufacturer m to depot w
[1,*,*]:1	2	3	4	5	:=
1	143067.4375	14198.1465	75211.3281	106304.2734	81853.4844	 
2	112267.9531	73336.3125	118712.8750	123240.4141	47420.3711	 
3	25444.1934	82758.0781	60383.3047	44186.2891	1716.8173	 
[2,*,*]:1	2	3	4	5	:=
1	143067.4375	14198.1465	75211.3281	106304.2734	81853.4844	 
2	112267.9531	73336.3125	118712.8750	123240.4141	47420.3711	 
3	25444.1934	82758.0781	60383.3047	44186.2891	1716.8173	 
[3,*,*]:1	2	3	4	5	:=
1	143067.4375	14198.1465	75211.3281	106304.2734	81853.4844	 
2	112267.9531	73336.3125	118712.8750	123240.4141	47420.3711	 
3	25444.1934	82758.0781	60383.3047	44186.2891	1716.8173	 
;
param CT_hc:=	#Cost of transportation/unit weight from hybrid facility h, to retailer c
[1,*,*]:1	2	3	4	5	6	7	8	9	10	11	12	13	14	15	:=
1	12676.3867	18318.9512	7416.0811	24252.6992	34132.0234	3342.1064	611.8920	41291.7031	27841.4805	37619.2344	26722.5234	72231.0547	1158.4845	2852.0918	64673.1641	 
2	87219.3125	9730.3770	64197.3867	32410.3730	113067.2578	57789.4766	35193.2812	118170.1328	92920.5547	114602.2656	6122.4956	104611.3438	57842.3320	47120.1406	77795.2344	 
3	30888.7695	6127.4756	18597.9219	200.8336	34681.1016	20508.3262	18789.1465	35243.3320	23323.6230	34158.5703	7946.6670	25362.7891	28546.6836	14915.8711	14723.2266	 
4	47064.0625	2088.0618	30590.2617	4811.2256	56829.1367	30192.6758	21536.1289	58378.9961	42102.1406	56670.7656	1544.2563	43925.5625	36381.2812	22476.0938	27594.7070	 
5	45615.6016	1418.1274	29339.6562	5045.1235	56475.9609	28560.6621	19602.0527	58389.8008	41878.6875	56530.2383	1116.0483	45800.6602	34173.7188	21020.7676	29416.5234	 
[2,*,*]:1	2	3	4	5	6	7	8	9	10	11	12	13	14	15	:=
1	12676.3867	18318.9512	7416.0811	24252.6992	34132.0234	3342.1064	611.8920	41291.7031	27841.4805	37619.2344	26722.5234	72231.0547	1158.4845	2852.0918	64673.1641	 
2	87219.3125	9730.3770	64197.3867	32410.3730	113067.2578	57789.4766	35193.2812	118170.1328	92920.5547	114602.2656	6122.4956	104611.3438	57842.3320	47120.1406	77795.2344	 
3	30888.7695	6127.4756	18597.9219	200.8336	34681.1016	20508.3262	18789.1465	35243.3320	23323.6230	34158.5703	7946.6670	25362.7891	28546.6836	14915.8711	14723.2266	 
4	47064.0625	2088.0618	30590.2617	4811.2256	56829.1367	30192.6758	21536.1289	58378.9961	42102.1406	56670.7656	1544.2563	43925.5625	36381.2812	22476.0938	27594.7070	 
5	45615.6016	1418.1274	29339.6562	5045.1235	56475.9609	28560.6621	19602.0527	58389.8008	41878.6875	56530.2383	1116.0483	45800.6602	34173.7188	21020.7676	29416.5234	 
[3,*,*]:1	2	3	4	5	6	7	8	9	10	11	12	13	14	15	:=
1	12676.3867	18318.9512	7416.0811	24252.6992	34132.0234	3342.1064	611.8920	41291.7031	27841.4805	37619.2344	26722.5234	72231.0547	1158.4845	2852.0918	64673.1641	 
2	87219.3125	9730.3770	64197.3867	32410.3730	113067.2578	57789.4766	35193.2812	118170.1328	92920.5547	114602.2656	6122.4956	104611.3438	57842.3320	47120.1406	77795.2344	 
3	30888.7695	6127.4756	18597.9219	200.8336	34681.1016	20508.3262	18789.1465	35243.3320	23323.6230	34158.5703	7946.6670	25362.7891	28546.6836	14915.8711	14723.2266	 
4	47064.0625	2088.0618	30590.2617	4811.2256	56829.1367	30192.6758	21536.1289	58378.9961	42102.1406	56670.7656	1544.2563	43925.5625	36381.2812	22476.0938	27594.7070	 
5	45615.6016	1418.1274	29339.6562	5045.1235	56475.9609	28560.6621	19602.0527	58389.8008	41878.6875	56530.2383	1116.0483	45800.6602	34173.7188	21020.7676	29416.5234	 
;
param CT_ch:=	#Cost of transportation/unit weight from retailer c to hybrid facility h
[1,*,*]:1	2	3	4	5	:=
1	12676.3867	87219.3125	30888.7695	47064.0625	45615.6016	 
2	18318.9512	9730.3770	6127.4756	2088.0618	1418.1274	 
3	7416.0811	64197.3867	18597.9219	30590.2617	29339.6562	 
4	24252.6992	32410.3730	200.8336	4811.2256	5045.1235	 
5	34132.0234	113067.2578	34681.1016	56829.1367	56475.9609	 
6	3342.1064	57789.4766	20508.3262	30192.6758	28560.6621	 
7	611.8920	35193.2812	18789.1465	21536.1289	19602.0527	 
8	41291.7031	118170.1328	35243.3320	58378.9961	58389.8008	 
9	27841.4805	92920.5547	23323.6230	42102.1406	41878.6875	 
10	37619.2344	114602.2656	34158.5703	56670.7656	56530.2383	 
11	26722.5234	6122.4956	7946.6670	1544.2563	1116.0483	 
12	72231.0547	104611.3438	25362.7891	43925.5625	45800.6602	 
13	1158.4845	57842.3320	28546.6836	36381.2812	34173.7188	 
14	2852.0918	47120.1406	14915.8711	22476.0938	21020.7676	 
15	64673.1641	77795.2344	14723.2266	27594.7070	29416.5234	 
[2,*,*]:1	2	3	4	5	:=
1	12676.3867	87219.3125	30888.7695	47064.0625	45615.6016	 
2	18318.9512	9730.3770	6127.4756	2088.0618	1418.1274	 
3	7416.0811	64197.3867	18597.9219	30590.2617	29339.6562	 
4	24252.6992	32410.3730	200.8336	4811.2256	5045.1235	 
5	34132.0234	113067.2578	34681.1016	56829.1367	56475.9609	 
6	3342.1064	57789.4766	20508.3262	30192.6758	28560.6621	 
7	611.8920	35193.2812	18789.1465	21536.1289	19602.0527	 
8	41291.7031	118170.1328	35243.3320	58378.9961	58389.8008	 
9	27841.4805	92920.5547	23323.6230	42102.1406	41878.6875	 
10	37619.2344	114602.2656	34158.5703	56670.7656	56530.2383	 
11	26722.5234	6122.4956	7946.6670	1544.2563	1116.0483	 
12	72231.0547	104611.3438	25362.7891	43925.5625	45800.6602	 
13	1158.4845	57842.3320	28546.6836	36381.2812	34173.7188	 
14	2852.0918	47120.1406	14915.8711	22476.0938	21020.7676	 
15	64673.1641	77795.2344	14723.2266	27594.7070	29416.5234	 
[3,*,*]:1	2	3	4	5	:=
1	12676.3867	87219.3125	30888.7695	47064.0625	45615.6016	 
2	18318.9512	9730.3770	6127.4756	2088.0618	1418.1274	 
3	7416.0811	64197.3867	18597.9219	30590.2617	29339.6562	 
4	24252.6992	32410.3730	200.8336	4811.2256	5045.1235	 
5	34132.0234	113067.2578	34681.1016	56829.1367	56475.9609	 
6	3342.1064	57789.4766	20508.3262	30192.6758	28560.6621	 
7	611.8920	35193.2812	18789.1465	21536.1289	19602.0527	 
8	41291.7031	118170.1328	35243.3320	58378.9961	58389.8008	 
9	27841.4805	92920.5547	23323.6230	42102.1406	41878.6875	 
10	37619.2344	114602.2656	34158.5703	56670.7656	56530.2383	 
11	26722.5234	6122.4956	7946.6670	1544.2563	1116.0483	 
12	72231.0547	104611.3438	25362.7891	43925.5625	45800.6602	 
13	1158.4845	57842.3320	28546.6836	36381.2812	34173.7188	 
14	2852.0918	47120.1406	14915.8711	22476.0938	21020.7676	 
15	64673.1641	77795.2344	14723.2266	27594.7070	29416.5234	 
;
param CT_hm:=	#Cost of transportation/unit weight from hybrid facility h to manufacturer m 
[1,*,*]:1	2	3	:=
1	60205.9922	110967.7656	65104.6133	 
2	6774.7881	17870.8340	30314.4199	 
3	59467.1367	55864.3906	10302.7949	 
4	37434.1680	34330.9414	8298.4980	 
5	35541.5664	35160.3984	9821.7383	 
[2,*,*]:1	2	3	:=
1	60205.9922	110967.7656	65104.6133	 
2	6774.7881	17870.8340	30314.4199	 
3	59467.1367	55864.3906	10302.7949	 
4	37434.1680	34330.9414	8298.4980	 
5	35541.5664	35160.3984	9821.7383	 
[3,*,*]:1	2	3	:=
1	60205.9922	110967.7656	65104.6133	 
2	6774.7881	17870.8340	30314.4199	 
3	59467.1367	55864.3906	10302.7949	 
4	37434.1680	34330.9414	8298.4980	 
5	35541.5664	35160.3984	9821.7383	 
;
param CT_mh:=	#Cost of transportation/unit weight from manufacturer m to hybrid facility h 
[1,*,*]:1	2	3	4	5	:=
1	60205.9922	6774.7881	59467.1367	37434.1680	35541.5664	 
2	110967.7656	17870.8340	55864.3906	34330.9414	35160.3984	 
3	65104.6133	30314.4199	10302.7949	8298.4980	9821.7383	 
[2,*,*]:1	2	3	4	5	:=
1	60205.9922	6774.7881	59467.1367	37434.1680	35541.5664	 
2	110967.7656	17870.8340	55864.3906	34330.9414	35160.3984	 
3	65104.6133	30314.4199	10302.7949	8298.4980	9821.7383	 
[3,*,*]:1	2	3	4	5	:=
1	60205.9922	6774.7881	59467.1367	37434.1680	35541.5664	 
2	110967.7656	17870.8340	55864.3906	34330.9414	35160.3984	 
3	65104.6133	30314.4199	10302.7949	8298.4980	9821.7383	 
;
param D_uh:=	#Distance from urban center u to hybrid facility h 
[1,*,*]:1	2	3	4	5	:=
1	22095.0527	26044.2441	123.2626	2789.0950	2848.9614	 
2	59010.0938	1759.6542	43581.6250	24003.3418	22930.4434	 
3	54274.7891	603.7083	31677.6445	15127.5654	14521.1221	 
4	44210.4297	13003.3223	6757.4160	1542.1896	2086.0149	 
5	45336.4062	19496.8047	70927.3828	51470.5391	48361.8594	 
6	20204.7812	56068.2344	6519.9941	17807.8691	17768.4883	 
[2,*,*]:1	2	3	4	5	:=
1	22095.0527	26044.2441	123.2626	2789.0950	2848.9614	 
2	59010.0938	1759.6542	43581.6250	24003.3418	22930.4434	 
3	54274.7891	603.7083	31677.6445	15127.5654	14521.1221	 
4	44210.4297	13003.3223	6757.4160	1542.1896	2086.0149	 
5	45336.4062	19496.8047	70927.3828	51470.5391	48361.8594	 
6	20204.7812	56068.2344	6519.9941	17807.8691	17768.4883	 
[3,*,*]:1	2	3	4	5	:=
1	22095.0527	26044.2441	123.2626	2789.0950	2848.9614	 
2	59010.0938	1759.6542	43581.6250	24003.3418	22930.4434	 
3	54274.7891	603.7083	31677.6445	15127.5654	14521.1221	 
4	44210.4297	13003.3223	6757.4160	1542.1896	2086.0149	 
5	45336.4062	19496.8047	70927.3828	51470.5391	48361.8594	 
6	20204.7812	56068.2344	6519.9941	17807.8691	17768.4883	 
;
param Surrounding:=	24765.0801	;
param Pop_u:=	#Population per urban center u
1	139545.8281
2	102104.4219
3	111529.6094
4	130337.8672
5	85579.4688
6	133678.1875
;
param CR_pm:	1	2	3	:=	#Cost of recycled/reprocessed per unit of product p in manufacturer m
1	89.4562	87.5280	78.4856	 
2	87.6513	86.2128	76.6267	 
3	79.0035	84.6277	85.6072	 
;
param FCH_h:=	#Operating fixed cost for hybrid facility h
1	9374.4814
2	8515.9355
3	9979.4785
4	11055.9688
5	10084.4814
;
param FCM_m:=	#Fixed cost for opening manufacturing plant m
1	36471.1758
2	38999.8555
3	49419.6562
;
param A_pct:=	#Return rate of product p available in retailer c at time period t (rand [0,1])
[1,*,*]:	1	2	3	4	5	:=
1	0.5000	0.5000	0.5000	0.5000	0.5000	 
2	0.5000	0.5000	0.5000	0.5000	0.5000	 
3	0.5000	0.5000	0.5000	0.5000	0.5000	 
4	0.5000	0.5000	0.5000	0.5000	0.5000	 
5	0.5000	0.5000	0.5000	0.5000	0.5000	 
6	0.5000	0.5000	0.5000	0.5000	0.5000	 
7	0.5000	0.5000	0.5000	0.5000	0.5000	 
8	0.5000	0.5000	0.5000	0.5000	0.5000	 
9	0.5000	0.5000	0.5000	0.5000	0.5000	 
10	0.5000	0.5000	0.5000	0.5000	0.5000	 
11	0.5000	0.5000	0.5000	0.5000	0.5000	 
12	0.5000	0.5000	0.5000	0.5000	0.5000	 
13	0.5000	0.5000	0.5000	0.5000	0.5000	 
14	0.5000	0.5000	0.5000	0.5000	0.5000	 
15	0.5000	0.5000	0.5000	0.5000	0.5000	 
[2,*,*]:	1	2	3	4	5	:=
1	0.5000	0.5000	0.5000	0.5000	0.5000	 
2	0.5000	0.5000	0.5000	0.5000	0.5000	 
3	0.5000	0.5000	0.5000	0.5000	0.5000	 
4	0.5000	0.5000	0.5000	0.5000	0.5000	 
5	0.5000	0.5000	0.5000	0.5000	0.5000	 
6	0.5000	0.5000	0.5000	0.5000	0.5000	 
7	0.5000	0.5000	0.5000	0.5000	0.5000	 
8	0.5000	0.5000	0.5000	0.5000	0.5000	 
9	0.5000	0.5000	0.5000	0.5000	0.5000	 
10	0.5000	0.5000	0.5000	0.5000	0.5000	 
11	0.5000	0.5000	0.5000	0.5000	0.5000	 
12	0.5000	0.5000	0.5000	0.5000	0.5000	 
13	0.5000	0.5000	0.5000	0.5000	0.5000	 
14	0.5000	0.5000	0.5000	0.5000	0.5000	 
15	0.5000	0.5000	0.5000	0.5000	0.5000	 
[3,*,*]:	1	2	3	4	5	:=
1	0.5000	0.5000	0.5000	0.5000	0.5000	 
2	0.5000	0.5000	0.5000	0.5000	0.5000	 
3	0.5000	0.5000	0.5000	0.5000	0.5000	 
4	0.5000	0.5000	0.5000	0.5000	0.5000	 
5	0.5000	0.5000	0.5000	0.5000	0.5000	 
6	0.5000	0.5000	0.5000	0.5000	0.5000	 
7	0.5000	0.5000	0.5000	0.5000	0.5000	 
8	0.5000	0.5000	0.5000	0.5000	0.5000	 
9	0.5000	0.5000	0.5000	0.5000	0.5000	 
10	0.5000	0.5000	0.5000	0.5000	0.5000	 
11	0.5000	0.5000	0.5000	0.5000	0.5000	 
12	0.5000	0.5000	0.5000	0.5000	0.5000	 
13	0.5000	0.5000	0.5000	0.5000	0.5000	 
14	0.5000	0.5000	0.5000	0.5000	0.5000	 
15	0.5000	0.5000	0.5000	0.5000	0.5000	 
;
param SL:=	1.64	;	 
param SDS_p:=	#Sales standar deviation of product p 
1	 60.3600
2	 57.5889
3	 56.2543
;
param L_p:=	#Average lead time for product p at retailers (Lead time = Order to ship time + Transit lead time) - 4months
1	  3.1371
2	  3.6244
3	  2.6816
;
param CM_pm:=	#manufacturing capacity limit
1	112925.0000
2	112925.0000
3	112925.0000
;
param Mbig:=	 112925.0000;
param CO_vk:1	2	3:=	#Cost of CO2 emission per vehicle type v with size k
1	0.0003	0.001	0.002	#Electric Vehicle
2	0.001	0.003	0.006;	#Internal combustion

param VC_vk:1	2	3:= #Cost per vehicle type v with size k
1	100	200	1000	#Electric Vehicle
2	50	100	500	; 	#Internal combustion

param VQ_vk:1	2	3:=	#Capacity per vehicle type v with size k
1	10	20	50	#Electric Vehicle
2	10	20	50	; 	#Internal combustion

