#Coord Suppliers
# 	1	 34.3387		233.9756	
# 	2	197.2841		217.0396	
# 	3	440.0953		161.5488	
# 	4	225.5042		 21.6153	
# 	5	120.7975		149.9648	
# 	6	305.6535		241.1217	
# 	7	171.4235		 19.7809	
# 	8	129.6655		272.8781	
# 	9	 96.0234		135.6372	
# 	10	419.0427		  7.4698	
# 	11	270.2470		285.0388	
# 	12	103.6363		164.5470	
# 	13	409.1078		 39.9508	
# 	14	235.5357		225.1230	
# 	15	301.0560		140.3259	
# 	16	 92.1821		147.2298	
# 	17	167.5731		143.2204	
# 	18	164.6507		251.3754	
# 	19	345.8914		 94.1984	
# 	20	257.6814		 82.8147	
#Coord Manufacturers
# 	1	203.7793		105.8935	
# 	2	295.8298		111.1053	
# 	3	206.5918		215.7972	
#Coord Warehouse
# 	1	185.8463		271.9270	
# 	2	 81.2032		222.3357	
# 	3	190.0683		127.9361	
# 	4	285.4709		156.8719	
# 	5	186.6987		  0.4281	
# 	6	 41.5181		212.8183	
# 	7	235.9555		208.8481	
# 	8	429.9608		204.8741	
# 	9	 23.9079		 92.6558	
# 	10	266.6676		 70.5361	
#Coord Hybrids
# 	1	434.2369		283.5145	
# 	2	381.7804		141.6972	
# 	3	378.6646		 39.3332	
# 	4	138.9301		138.8989	
# 	5	333.8312		145.7476	
#Coord Retailers
# 	1	 61.5943		103.0610	
# 	2	145.9918		 90.1257	
# 	3	 74.4756		124.4705	
# 	4	201.6543		232.4701	
# 	5	358.3758		156.7170	
# 	6	207.2836		233.4641	
# 	7	399.2800		202.4756	
# 	8	360.2156		281.7334	
# 	9	 18.2951		262.7015	
# 	10	124.4534		142.7294	
# 	11	358.5424		215.1727	
# 	12	 66.2164		197.6245	
# 	13	 31.1634		107.1212	
# 	14	365.7733		128.3114	
# 	15	269.9345		218.4484	
# 	16	369.5524		228.1545	
# 	17	  3.2145		126.0770	
# 	18	208.4113		 16.6498	
# 	19	243.6490		182.3312	
# 	20	372.8040		282.5428	
# 	21	 57.6665		 69.1292	
# 	22	296.6213		 39.7422	
# 	23	100.8354		172.4588	
# 	24	 76.2857		234.6690	
# 	25	385.6390		 10.1023	
# 	26	239.6902		239.0854	
# 	27	438.8129		 82.2776	
# 	28	 76.0955		263.0103	
# 	29	409.1321		 59.2599	
# 	30	198.6884		215.7697	
#Coord Urban center
# 	1	380.4053		 50.4826	
# 	2	299.2360		242.3506	
# 	3	247.3714		 49.4150	
# 	4	 15.9880		 84.4601	
# 	5	363.5419		 13.4299	
# 	6	  3.6974		108.4850	

#Parameters

param I:=	10;	#Raw material
param S:=	20;	#Supplier
param M:=	3;	#Manufacturer
param H:=	5;	#Hybrid
param W:=	10;	#Warehouse
param C:=	30;	#Retailer
param P:=	3;	#Products
param T:=	5;	#Time period
param TV:=	2;	#Type of vehicle
param SZ:=	3;	#Size of vehicle
param UC:=	6;	#Urban centers

param CI_im:	1	2	3	:=	#Inventory holding cost/unit of raw material i at manufacturer m
1	3	3	3	 
2	3	3	3	 
3	3	3	3	 
4	3	3	3	 
5	3	3	3	 
6	3	3	3	 
7	3	3	3	 
8	3	3	3	 
9	3	3	3	 
10	3	3	3	 
; 
param CI_pw:	1	2	3	4	5	6	7	8	9	10	:=	#Inventory holding cost/unit of product p at depot w
1	3	3	3	3	3	3	3	3	3	3	 
2	3	3	3	3	3	3	3	3	3	3	 
3	3	3	3	3	3	3	3	3	3	3	 
;
param CP_pm:	1	2	3	:=	#Production cost of product p at manufacturer m
1	100.6362	101.4949	100.2319	 
2	105.2472	106.9670	104.2705	 
3	101.3457	103.3136	105.9035	 
;
param CT_ism:=	#Cost of raw material i per unit from supplier s to manufacturer m
[1,*,*]:1	2	3	:=
1	1485.1653	1498.1394	1310.4008	
2	1252.6450	1457.6600	1481.6532	
3	1364.6509	1442.8606	1466.5498	
4	1402.4037	1468.1567	1255.9757	
5	1317.8988	1319.3049	1280.1581	
6	1477.6783	1257.6099	1418.1403	
7	1267.8350	1340.1951	1354.5249	
8	1295.3511	1380.2535	1383.7479	
9	1329.2610	1434.2720	1290.0507	
10	1298.1271	1338.6278	1344.5940	
11	1301.5714	1479.6772	1457.0234	
12	1276.7192	1342.3715	1308.1677	
13	1362.7697	1319.0793	1375.4518	
14	1480.6508	1345.6278	1412.5321	
15	1398.9053	1437.9884	1265.4164	
16	1436.2059	1486.5690	1400.8899	
17	1321.8950	1418.0923	1428.0122	
18	1414.1125	1286.7325	1493.3689	
19	1488.8458	1356.1564	1398.4093	
20	1259.9071	1497.1586	1454.6863	
[2,*,*]:1	2	3	:=
1	1409.1256	1440.2712	1297.0074	
2	1326.9137	1311.5984	1399.0123	
3	1272.9762	1473.9025	1365.5690	
4	1361.2031	1276.1779	1421.2260	
5	1454.2235	1407.3876	1310.5056	
6	1446.3552	1286.4198	1456.8191	
7	1395.1764	1322.3433	1378.3108	
8	1407.2129	1314.6473	1461.7267	
9	1355.3135	1473.0844	1458.8672	
10	1274.8369	1411.5635	1327.6237	
11	1438.5133	1385.6580	1364.3997	
12	1473.8417	1264.3134	1389.3293	
13	1331.9778	1258.8184	1438.3796	
14	1390.4352	1473.5364	1399.5653	
15	1334.2585	1496.3049	1278.9285	
16	1263.1504	1433.1555	1342.7188	
17	1340.3662	1469.1331	1331.8234	
18	1472.2472	1410.9969	1332.2625	
19	1264.8832	1311.2773	1492.1033	
20	1351.3169	1290.0084	1324.5033	
[3,*,*]:1	2	3	:=
1	1474.8939	1291.2441	1444.4650	
2	1283.7162	1490.3484	1382.5514	
3	1260.7925	1482.7386	1339.5564	
4	1432.8553	1380.9270	1273.1455	
5	1276.5148	1287.3063	1290.3000	
6	1263.1890	1261.7533	1487.1071	
7	1272.8230	1377.0879	1279.6575	
8	1303.6970	1440.7681	1484.5337	
9	1367.4282	1251.4105	1499.8021	
10	1261.9434	1347.3619	1384.7642	
11	1472.9333	1455.7781	1402.3467	
12	1349.6505	1458.6196	1467.2646	
13	1467.9762	1429.4091	1274.4468	
14	1324.6449	1371.4805	1376.2633	
15	1458.2184	1309.4592	1416.1477	
16	1343.5499	1443.8706	1298.9436	
17	1369.1569	1275.8896	1302.9976	
18	1483.7937	1329.0117	1473.2443	
19	1381.0758	1259.7583	1448.2454	
20	1262.9893	1456.7358	1252.1998	
[4,*,*]:1	2	3	:=
1	1418.5278	1291.4285	1335.7188	
2	1488.1879	1371.5583	1414.3566	
3	1435.1838	1277.4819	1459.6990	
4	1478.4800	1288.8552	1386.5596	
5	1320.8762	1435.1616	1257.0676	
6	1378.1367	1448.2037	1433.6842	
7	1277.0459	1458.2350	1309.4602	
8	1451.9469	1374.2822	1290.2064	
9	1433.5101	1451.9783	1424.7253	
10	1491.2115	1314.0361	1308.9406	
11	1286.8075	1384.8516	1349.8622	
12	1339.1655	1365.0762	1318.6355	
13	1251.0651	1367.9376	1318.9711	
14	1362.4459	1482.2188	1294.7513	
15	1409.3708	1411.1038	1320.3232	
16	1367.7220	1492.4030	1335.6150	
17	1428.0863	1460.0548	1340.1727	
18	1497.4785	1406.4673	1375.2463	
19	1428.7269	1355.9575	1428.0817	
20	1318.7006	1481.8021	1385.4907	
[5,*,*]:1	2	3	:=
1	1310.4124	1359.2992	1473.7742	
2	1451.7638	1371.1172	1337.9254	
3	1344.0619	1495.2988	1278.0532	
4	1472.2560	1464.4022	1306.0972	
5	1337.3397	1392.3900	1450.5981	
6	1487.6113	1497.9521	1320.3080	
7	1298.0909	1371.9313	1389.3910	
8	1414.1761	1276.8978	1411.5890	
9	1480.3447	1478.8003	1485.9435	
10	1480.5850	1490.1945	1262.1731	
11	1479.0045	1317.8032	1330.1664	
12	1364.6536	1488.8201	1401.2722	
13	1338.1733	1343.5394	1476.2322	
14	1455.5869	1284.3844	1312.1704	
15	1342.9863	1304.1855	1390.8705	
16	1305.9097	1393.7311	1484.0061	
17	1462.1689	1274.8159	1301.7262	
18	1353.1873	1411.5319	1346.6416	
19	1312.9031	1336.1648	1301.0034	
20	1465.4667	1424.3130	1352.7573	
[6,*,*]:1	2	3	:=
1	1425.1079	1379.9324	1381.5656	
2	1341.8389	1372.0546	1496.3790	
3	1446.1162	1456.9250	1281.0930	
4	1376.0685	1341.7252	1272.2268	
5	1348.8192	1268.5469	1308.5049	
6	1449.6907	1421.5543	1424.6367	
7	1269.8395	1290.9956	1255.3960	
8	1274.3787	1275.3047	1490.0361	
9	1473.4878	1301.0635	1313.4532	
10	1490.2195	1392.4994	1342.1309	
11	1366.6361	1318.0525	1395.8943	
12	1431.3180	1378.8621	1455.1666	
13	1278.3026	1400.9132	1497.4005	
14	1287.2698	1373.7590	1407.5364	
15	1334.3823	1491.1543	1371.3527	
16	1369.6747	1475.6659	1253.9777	
17	1467.2213	1282.2683	1344.7921	
18	1372.1140	1369.1396	1259.8522	
19	1329.2767	1339.1987	1489.0448	
20	1479.2463	1396.0872	1483.3419	
[7,*,*]:1	2	3	:=
1	1465.9281	1343.9307	1279.2417	
2	1401.7844	1330.7523	1252.4357	
3	1495.2948	1492.3190	1384.2017	
4	1404.5464	1417.2167	1481.6346	
5	1366.8772	1395.7195	1306.6349	
6	1310.5996	1380.5281	1307.3013	
7	1257.5632	1342.1021	1437.4863	
8	1319.2676	1465.6760	1425.6256	
9	1413.3298	1473.1207	1268.4528	
10	1294.6914	1477.3175	1476.7594	
11	1269.5668	1443.5579	1253.8582	
12	1283.8088	1277.4402	1323.4989	
13	1347.0671	1477.7185	1359.0995	
14	1280.9623	1318.0872	1251.5942	
15	1257.0123	1357.7671	1378.0471	
16	1312.4904	1344.9731	1275.8423	
17	1414.7054	1348.1514	1290.3813	
18	1374.3484	1302.0938	1323.0323	
19	1281.0426	1445.1826	1319.8289	
20	1488.9192	1351.3580	1288.7986	
[8,*,*]:1	2	3	:=
1	1426.3032	1433.3895	1470.3300	
2	1282.8782	1447.4714	1464.9398	
3	1326.1295	1363.6205	1404.9105	
4	1311.3783	1467.8390	1424.7986	
5	1464.1708	1362.4788	1379.7496	
6	1298.5636	1328.5061	1432.3781	
7	1489.7520	1288.0258	1262.6609	
8	1266.8632	1358.8679	1448.1678	
9	1306.2194	1369.2831	1378.8506	
10	1459.4255	1291.0083	1253.6797	
11	1376.6638	1338.8115	1323.0414	
12	1443.0593	1420.8668	1270.9843	
13	1387.0259	1449.4612	1477.4211	
14	1250.0463	1451.8876	1260.8120	
15	1420.5302	1399.5017	1488.0040	
16	1407.9697	1267.4847	1417.5995	
17	1313.7301	1457.9860	1257.8655	
18	1331.0339	1419.1090	1288.9087	
19	1411.5680	1424.3062	1433.4445	
20	1468.8337	1353.2915	1285.6207	
[9,*,*]:1	2	3	:=
1	1315.0778	1347.4214	1263.6444	
2	1427.1372	1265.7527	1264.4272	
3	1483.1249	1451.5615	1313.4203	
4	1335.4270	1456.4800	1404.8088	
5	1316.2294	1362.2548	1463.8899	
6	1250.1729	1498.0985	1391.4834	
7	1295.5050	1450.0482	1269.0488	
8	1352.5000	1393.2831	1311.7986	
9	1471.3082	1424.2235	1290.4570	
10	1288.1499	1265.4833	1392.8746	
11	1296.8168	1385.7457	1454.8682	
12	1469.7963	1279.0876	1333.0593	
13	1354.3439	1345.8544	1354.7073	
14	1364.9968	1439.1376	1326.3789	
15	1335.8561	1347.5612	1287.8046	
16	1407.5934	1350.0615	1479.0381	
17	1455.3540	1307.5449	1310.5785	
18	1445.5676	1389.9717	1252.5527	
19	1407.4707	1348.7283	1446.3035	
20	1436.7118	1480.5820	1424.8215	
[10,*,*]:1	2	3	:=
1	1478.2446	1321.1637	1334.6790	
2	1264.8002	1466.7340	1288.5544	
3	1387.8298	1377.2988	1453.4838	
4	1346.9973	1285.6661	1345.7703	
5	1262.0125	1325.3674	1407.5007	
6	1264.2858	1497.4241	1384.0472	
7	1325.0179	1458.4468	1284.3663	
8	1330.4910	1484.2875	1309.9833	
9	1433.2230	1270.2325	1383.1187	
10	1414.5278	1302.4308	1331.9075	
11	1387.6273	1397.4962	1288.5544	
12	1352.6936	1499.9332	1330.6088	
13	1446.3390	1300.4034	1365.2985	
14	1379.5424	1399.0046	1429.4132	
15	1448.9775	1425.0414	1451.8002	
16	1471.4905	1331.5298	1456.8273	
17	1379.9945	1314.8569	1293.2684	
18	1441.1123	1409.1582	1267.6829	
19	1396.8634	1261.1366	1347.8140	
20	1392.7903	1412.5487	1289.4631	
;
param CT_wc:=	#Cost of transportation/unit weight from depot w to retailer c1 (Matrix of the cost CTij)
[1,*,*]:1	2	3	4	5	6	7	8	9	10	11	12	13	14	15	16	17	18	19	20	21	22	23	24	25	26	27	28	29	30	:=
1	43954.3047	34640.0938	34146.8320	1806.7352	43039.7578	1938.9525	50377.4375	30500.8066	28158.5117	20461.1152	33044.9961	19832.1758	51087.7422	52999.1445	9930.7793	35663.9648	54626.5859	65675.5938	11368.5459	35065.8555	57556.9922	66180.8594	17120.7754	13391.6865	108469.3125	3977.7295	99958.9688	12124.7539	95083.8594	3318.5630	
2	14610.9668	21677.0371	9622.8457	14611.1660	81130.4609	16020.1084	101567.2578	81375.9766	5586.8345	8207.7402	76968.3203	835.2476	15778.3574	89820.6797	35634.5938	83179.1094	15347.9668	58488.5469	27988.9746	88655.8750	24026.1973	79745.3047	2873.1248	176.2945	137724.1562	25398.6641	147500.9062	1680.5140	134131.0781	13845.8730	
3	17124.3555	3372.3672	13373.6777	11061.6045	29155.7617	11432.5293	49325.6914	52603.7109	47667.7617	4524.1602	35993.7500	20195.7715	25684.0195	30872.3887	14571.0830	42258.2852	34917.8125	12721.0889	5829.7197	57295.5547	20988.4785	19131.6914	9944.7861	24338.4160	52132.7148	14816.5039	63958.5508	31234.8535	52705.3828	7789.0449	
4	53016.3867	23909.4922	45568.8711	12740.3291	5315.1450	11979.6250	15032.2109	21177.1641	82582.8516	26126.6660	8738.4248	49733.3320	67147.4375	7264.1670	4033.0500	12150.9141	80617.0312	25600.4023	2397.2568	23420.2363	59593.6250	13843.6855	34333.2422	49810.8789	31574.9590	8854.9473	29078.0508	55103.4570	24820.1914	11000.1631	
5	26184.6289	9702.7119	27980.5449	54067.1875	53899.2812	54729.5195	86014.0469	109240.7969	97147.1328	24124.1328	75645.5156	53402.4062	35574.6328	48421.8828	54461.0547	85294.8281	49454.1172	734.5836	36332.0938	114223.8828	21369.1406	13628.5781	36967.0703	67059.8672	39670.8555	59765.4219	70260.8984	81182.4922	52937.8203	46515.7500	
6	12449.7305	25968.2422	8891.5332	26029.8105	103546.2109	27904.4746	128100.5938	106317.3906	3027.6406	11790.7314	100509.9844	840.8610	11279.1006	112282.8828	52205.7617	107841.7500	8991.2109	66335.4297	41786.3711	114611.8438	20907.3359	95033.0000	5147.4390	1686.2418	159513.0312	39962.1484	174884.0469	3714.8320	158720.3125	24711.2246	
7	41592.7734	22188.4961	33195.3281	1734.5715	17704.3848	1428.0215	26715.5098	20752.8281	50276.2344	16804.4141	15067.5518	28937.3340	52288.1641	23338.8203	1246.7355	18220.8750	61019.4375	37698.8672	762.3358	24158.4004	51308.3359	32277.1504	19581.6289	26161.1738	61905.0781	928.2404	57171.2148	28488.7695	52366.7930	1436.7457	
8	146059.8125	93805.6016	132834.4062	52885.3789	7443.5088	50402.4844	947.0598	10771.7344	172812.6094	97196.7422	5206.6382	132362.5156	168594.9219	9981.8740	25792.6680	4191.1416	188321.3750	84512.5469	35220.2656	9299.3174	157029.6719	45047.9766	109374.2656	125973.7969	39900.5000	37373.3047	15108.2803	128600.4609	21637.3535	53605.6211	
9	1528.5276	14910.8711	3569.2710	51141.8242	115972.6172	53453.6250	152964.6250	148853.1875	28947.0605	12616.7520	126990.6484	12808.4316	261.8900	118143.2891	76352.8438	137830.0469	1545.1981	39818.4062	56327.8125	157785.5312	1693.1456	77172.4375	12286.3535	22911.1914	137664.5000	68003.6094	172253.8281	31744.1934	149513.0000	45705.2344	
10	43112.9414	14946.4053	39846.6719	30449.3477	15837.5479	30071.9727	34994.0938	53355.5078	98616.4375	25436.7461	29360.7090	56332.1328	56800.6758	13159.9297	21888.7090	35428.8516	72492.3438	6297.5283	13028.0010	56211.7461	43683.4258	1845.4883	37888.5547	63184.8867	17806.4531	29136.6426	29771.8535	73364.0312	20423.2988	25713.9492	
[2,*,*]:1	2	3	4	5	6	7	8	9	10	11	12	13	14	15	16	17	18	19	20	21	22	23	24	25	26	27	28	29	30	:=
1	43954.3047	34640.0938	34146.8320	1806.7352	43039.7578	1938.9525	50377.4375	30500.8066	28158.5117	20461.1152	33044.9961	19832.1758	51087.7422	52999.1445	9930.7793	35663.9648	54626.5859	65675.5938	11368.5459	35065.8555	57556.9922	66180.8594	17120.7754	13391.6865	108469.3125	3977.7295	99958.9688	12124.7539	95083.8594	3318.5630	
2	14610.9668	21677.0371	9622.8457	14611.1660	81130.4609	16020.1084	101567.2578	81375.9766	5586.8345	8207.7402	76968.3203	835.2476	15778.3574	89820.6797	35634.5938	83179.1094	15347.9668	58488.5469	27988.9746	88655.8750	24026.1973	79745.3047	2873.1248	176.2945	137724.1562	25398.6641	147500.9062	1680.5140	134131.0781	13845.8730	
3	17124.3555	3372.3672	13373.6777	11061.6045	29155.7617	11432.5293	49325.6914	52603.7109	47667.7617	4524.1602	35993.7500	20195.7715	25684.0195	30872.3887	14571.0830	42258.2852	34917.8125	12721.0889	5829.7197	57295.5547	20988.4785	19131.6914	9944.7861	24338.4160	52132.7148	14816.5039	63958.5508	31234.8535	52705.3828	7789.0449	
4	53016.3867	23909.4922	45568.8711	12740.3291	5315.1450	11979.6250	15032.2109	21177.1641	82582.8516	26126.6660	8738.4248	49733.3320	67147.4375	7264.1670	4033.0500	12150.9141	80617.0312	25600.4023	2397.2568	23420.2363	59593.6250	13843.6855	34333.2422	49810.8789	31574.9590	8854.9473	29078.0508	55103.4570	24820.1914	11000.1631	
5	26184.6289	9702.7119	27980.5449	54067.1875	53899.2812	54729.5195	86014.0469	109240.7969	97147.1328	24124.1328	75645.5156	53402.4062	35574.6328	48421.8828	54461.0547	85294.8281	49454.1172	734.5836	36332.0938	114223.8828	21369.1406	13628.5781	36967.0703	67059.8672	39670.8555	59765.4219	70260.8984	81182.4922	52937.8203	46515.7500	
6	12449.7305	25968.2422	8891.5332	26029.8105	103546.2109	27904.4746	128100.5938	106317.3906	3027.6406	11790.7314	100509.9844	840.8610	11279.1006	112282.8828	52205.7617	107841.7500	8991.2109	66335.4297	41786.3711	114611.8438	20907.3359	95033.0000	5147.4390	1686.2418	159513.0312	39962.1484	174884.0469	3714.8320	158720.3125	24711.2246	
7	41592.7734	22188.4961	33195.3281	1734.5715	17704.3848	1428.0215	26715.5098	20752.8281	50276.2344	16804.4141	15067.5518	28937.3340	52288.1641	23338.8203	1246.7355	18220.8750	61019.4375	37698.8672	762.3358	24158.4004	51308.3359	32277.1504	19581.6289	26161.1738	61905.0781	928.2404	57171.2148	28488.7695	52366.7930	1436.7457	
8	146059.8125	93805.6016	132834.4062	52885.3789	7443.5088	50402.4844	947.0598	10771.7344	172812.6094	97196.7422	5206.6382	132362.5156	168594.9219	9981.8740	25792.6680	4191.1416	188321.3750	84512.5469	35220.2656	9299.3174	157029.6719	45047.9766	109374.2656	125973.7969	39900.5000	37373.3047	15108.2803	128600.4609	21637.3535	53605.6211	
9	1528.5276	14910.8711	3569.2710	51141.8242	115972.6172	53453.6250	152964.6250	148853.1875	28947.0605	12616.7520	126990.6484	12808.4316	261.8900	118143.2891	76352.8438	137830.0469	1545.1981	39818.4062	56327.8125	157785.5312	1693.1456	77172.4375	12286.3535	22911.1914	137664.5000	68003.6094	172253.8281	31744.1934	149513.0000	45705.2344	
10	43112.9414	14946.4053	39846.6719	30449.3477	15837.5479	30071.9727	34994.0938	53355.5078	98616.4375	25436.7461	29360.7090	56332.1328	56800.6758	13159.9297	21888.7090	35428.8516	72492.3438	6297.5283	13028.0010	56211.7461	43683.4258	1845.4883	37888.5547	63184.8867	17806.4531	29136.6426	29771.8535	73364.0312	20423.2988	25713.9492	
[3,*,*]:1	2	3	4	5	6	7	8	9	10	11	12	13	14	15	16	17	18	19	20	21	22	23	24	25	26	27	28	29	30	:=
1	43954.3047	34640.0938	34146.8320	1806.7352	43039.7578	1938.9525	50377.4375	30500.8066	28158.5117	20461.1152	33044.9961	19832.1758	51087.7422	52999.1445	9930.7793	35663.9648	54626.5859	65675.5938	11368.5459	35065.8555	57556.9922	66180.8594	17120.7754	13391.6865	108469.3125	3977.7295	99958.9688	12124.7539	95083.8594	3318.5630	
2	14610.9668	21677.0371	9622.8457	14611.1660	81130.4609	16020.1084	101567.2578	81375.9766	5586.8345	8207.7402	76968.3203	835.2476	15778.3574	89820.6797	35634.5938	83179.1094	15347.9668	58488.5469	27988.9746	88655.8750	24026.1973	79745.3047	2873.1248	176.2945	137724.1562	25398.6641	147500.9062	1680.5140	134131.0781	13845.8730	
3	17124.3555	3372.3672	13373.6777	11061.6045	29155.7617	11432.5293	49325.6914	52603.7109	47667.7617	4524.1602	35993.7500	20195.7715	25684.0195	30872.3887	14571.0830	42258.2852	34917.8125	12721.0889	5829.7197	57295.5547	20988.4785	19131.6914	9944.7861	24338.4160	52132.7148	14816.5039	63958.5508	31234.8535	52705.3828	7789.0449	
4	53016.3867	23909.4922	45568.8711	12740.3291	5315.1450	11979.6250	15032.2109	21177.1641	82582.8516	26126.6660	8738.4248	49733.3320	67147.4375	7264.1670	4033.0500	12150.9141	80617.0312	25600.4023	2397.2568	23420.2363	59593.6250	13843.6855	34333.2422	49810.8789	31574.9590	8854.9473	29078.0508	55103.4570	24820.1914	11000.1631	
5	26184.6289	9702.7119	27980.5449	54067.1875	53899.2812	54729.5195	86014.0469	109240.7969	97147.1328	24124.1328	75645.5156	53402.4062	35574.6328	48421.8828	54461.0547	85294.8281	49454.1172	734.5836	36332.0938	114223.8828	21369.1406	13628.5781	36967.0703	67059.8672	39670.8555	59765.4219	70260.8984	81182.4922	52937.8203	46515.7500	
6	12449.7305	25968.2422	8891.5332	26029.8105	103546.2109	27904.4746	128100.5938	106317.3906	3027.6406	11790.7314	100509.9844	840.8610	11279.1006	112282.8828	52205.7617	107841.7500	8991.2109	66335.4297	41786.3711	114611.8438	20907.3359	95033.0000	5147.4390	1686.2418	159513.0312	39962.1484	174884.0469	3714.8320	158720.3125	24711.2246	
7	41592.7734	22188.4961	33195.3281	1734.5715	17704.3848	1428.0215	26715.5098	20752.8281	50276.2344	16804.4141	15067.5518	28937.3340	52288.1641	23338.8203	1246.7355	18220.8750	61019.4375	37698.8672	762.3358	24158.4004	51308.3359	32277.1504	19581.6289	26161.1738	61905.0781	928.2404	57171.2148	28488.7695	52366.7930	1436.7457	
8	146059.8125	93805.6016	132834.4062	52885.3789	7443.5088	50402.4844	947.0598	10771.7344	172812.6094	97196.7422	5206.6382	132362.5156	168594.9219	9981.8740	25792.6680	4191.1416	188321.3750	84512.5469	35220.2656	9299.3174	157029.6719	45047.9766	109374.2656	125973.7969	39900.5000	37373.3047	15108.2803	128600.4609	21637.3535	53605.6211	
9	1528.5276	14910.8711	3569.2710	51141.8242	115972.6172	53453.6250	152964.6250	148853.1875	28947.0605	12616.7520	126990.6484	12808.4316	261.8900	118143.2891	76352.8438	137830.0469	1545.1981	39818.4062	56327.8125	157785.5312	1693.1456	77172.4375	12286.3535	22911.1914	137664.5000	68003.6094	172253.8281	31744.1934	149513.0000	45705.2344	
10	43112.9414	14946.4053	39846.6719	30449.3477	15837.5479	30071.9727	34994.0938	53355.5078	98616.4375	25436.7461	29360.7090	56332.1328	56800.6758	13159.9297	21888.7090	35428.8516	72492.3438	6297.5283	13028.0010	56211.7461	43683.4258	1845.4883	37888.5547	63184.8867	17806.4531	29136.6426	29771.8535	73364.0312	20423.2988	25713.9492	
;
param DEM_pct:=	#Demand of product 1 at retailer c at time period t
[1,*,*]:	1	2	3	4	5	:=
1	409.0000	515.0000	564.0000	559.0000	472.0000	 
2	515.0000	544.0000	575.0000	498.0000	575.0000	 
3	464.0000	444.0000	459.0000	546.0000	577.0000	 
4	494.0000	539.0000	428.0000	501.0000	487.0000	 
5	486.0000	438.0000	525.0000	534.0000	527.0000	 
6	549.0000	492.0000	571.0000	514.0000	576.0000	 
7	482.0000	540.0000	439.0000	417.0000	586.0000	 
8	474.0000	409.0000	524.0000	587.0000	554.0000	 
9	597.0000	587.0000	491.0000	447.0000	413.0000	 
10	454.0000	526.0000	582.0000	400.0000	563.0000	 
11	553.0000	538.0000	426.0000	411.0000	547.0000	 
12	528.0000	474.0000	469.0000	407.0000	599.0000	 
13	567.0000	595.0000	564.0000	492.0000	569.0000	 
14	440.0000	534.0000	447.0000	478.0000	574.0000	 
15	485.0000	579.0000	520.0000	459.0000	452.0000	 
16	401.0000	514.0000	568.0000	445.0000	496.0000	 
17	597.0000	479.0000	588.0000	565.0000	499.0000	 
18	527.0000	413.0000	503.0000	552.0000	446.0000	 
19	410.0000	406.0000	432.0000	448.0000	561.0000	 
20	492.0000	507.0000	463.0000	460.0000	511.0000	 
21	549.0000	436.0000	487.0000	529.0000	592.0000	 
22	454.0000	479.0000	514.0000	428.0000	522.0000	 
23	595.0000	455.0000	496.0000	424.0000	504.0000	 
24	594.0000	508.0000	443.0000	462.0000	525.0000	 
25	571.0000	491.0000	498.0000	562.0000	421.0000	 
26	590.0000	493.0000	466.0000	556.0000	451.0000	 
27	429.0000	452.0000	535.0000	420.0000	490.0000	 
28	447.0000	509.0000	428.0000	555.0000	585.0000	 
29	464.0000	471.0000	520.0000	548.0000	412.0000	 
30	535.0000	563.0000	559.0000	488.0000	565.0000	 
[2,*,*]:	1	2	3	4	5	:=
1	509.0000	437.0000	457.0000	519.0000	510.0000	 
2	560.0000	543.0000	443.0000	479.0000	556.0000	 
3	492.0000	445.0000	587.0000	490.0000	462.0000	 
4	502.0000	460.0000	454.0000	532.0000	559.0000	 
5	482.0000	432.0000	495.0000	480.0000	487.0000	 
6	448.0000	554.0000	440.0000	408.0000	540.0000	 
7	549.0000	448.0000	435.0000	516.0000	584.0000	 
8	451.0000	508.0000	453.0000	548.0000	493.0000	 
9	476.0000	531.0000	506.0000	440.0000	483.0000	 
10	591.0000	560.0000	502.0000	532.0000	428.0000	 
11	483.0000	579.0000	438.0000	596.0000	570.0000	 
12	537.0000	475.0000	418.0000	459.0000	548.0000	 
13	484.0000	561.0000	443.0000	565.0000	572.0000	 
14	544.0000	441.0000	445.0000	413.0000	410.0000	 
15	548.0000	498.0000	552.0000	457.0000	469.0000	 
16	579.0000	599.0000	420.0000	556.0000	511.0000	 
17	401.0000	523.0000	456.0000	470.0000	594.0000	 
18	549.0000	411.0000	536.0000	403.0000	577.0000	 
19	519.0000	526.0000	403.0000	417.0000	505.0000	 
20	476.0000	564.0000	457.0000	480.0000	424.0000	 
21	501.0000	591.0000	453.0000	558.0000	433.0000	 
22	577.0000	503.0000	425.0000	557.0000	578.0000	 
23	429.0000	423.0000	450.0000	503.0000	590.0000	 
24	572.0000	465.0000	407.0000	519.0000	515.0000	 
25	448.0000	521.0000	596.0000	429.0000	463.0000	 
26	570.0000	432.0000	426.0000	434.0000	554.0000	 
27	425.0000	418.0000	525.0000	553.0000	551.0000	 
28	487.0000	583.0000	430.0000	488.0000	474.0000	 
29	509.0000	439.0000	429.0000	597.0000	460.0000	 
30	500.0000	583.0000	461.0000	473.0000	513.0000	 
[3,*,*]:	1	2	3	4	5	:=
1	414.0000	405.0000	527.0000	474.0000	416.0000	 
2	457.0000	539.0000	552.0000	501.0000	444.0000	 
3	568.0000	442.0000	551.0000	431.0000	587.0000	 
4	555.0000	500.0000	487.0000	515.0000	532.0000	 
5	512.0000	539.0000	418.0000	483.0000	551.0000	 
6	488.0000	594.0000	507.0000	462.0000	578.0000	 
7	484.0000	509.0000	528.0000	571.0000	442.0000	 
8	575.0000	515.0000	473.0000	467.0000	596.0000	 
9	589.0000	509.0000	469.0000	595.0000	403.0000	 
10	410.0000	497.0000	517.0000	401.0000	437.0000	 
11	417.0000	450.0000	437.0000	425.0000	426.0000	 
12	474.0000	426.0000	555.0000	481.0000	423.0000	 
13	530.0000	558.0000	472.0000	401.0000	530.0000	 
14	551.0000	578.0000	543.0000	519.0000	469.0000	 
15	449.0000	413.0000	564.0000	512.0000	458.0000	 
16	425.0000	458.0000	552.0000	443.0000	410.0000	 
17	476.0000	467.0000	539.0000	511.0000	495.0000	 
18	595.0000	569.0000	426.0000	450.0000	484.0000	 
19	414.0000	552.0000	554.0000	458.0000	581.0000	 
20	510.0000	445.0000	524.0000	535.0000	544.0000	 
21	594.0000	583.0000	483.0000	486.0000	405.0000	 
22	483.0000	435.0000	424.0000	563.0000	404.0000	 
23	426.0000	533.0000	513.0000	486.0000	562.0000	 
24	448.0000	441.0000	503.0000	421.0000	538.0000	 
25	587.0000	562.0000	576.0000	415.0000	485.0000	 
26	581.0000	568.0000	519.0000	531.0000	453.0000	 
27	453.0000	413.0000	580.0000	458.0000	599.0000	 
28	401.0000	560.0000	505.0000	408.0000	533.0000	 
29	540.0000	540.0000	539.0000	536.0000	554.0000	 
30	476.0000	592.0000	497.0000	454.0000	599.0000	 
;
param FCW_w:=	#Fixed operating cost for depot w
1	9118.0830
2	9762.9893
3	10790.9521
4	11192.5566
5	9266.5977
6	8141.0703
7	10312.2070
8	10367.9463
9	10918.2588
10	9043.9375
;
param OFF_ip:	1	2	3	:=	#Off take of raw material i for product p
1	0.50	0.50	0.50	
2	0.50	0.50	0.50	
3	0.50	0.50	0.50	
4	0.50	0.50	0.50	
5	0.50	0.50	0.50	
6	0.50	0.50	0.50	
7	0.50	0.50	0.50	
8	0.50	0.50	0.50	
9	0.50	0.50	0.50	
10	0.50	0.50	0.50	
;
param PS_m:=	#Storage capacity at manufacturer m
1	148400.0000
2	143142.0000
3	152999.0000
;
param PS_w:=	#Storage capacity at depot w
1	141129.0000
2	131814.0000
3	118443.0000
4	152527.0000
5	81571.0000
6	130903.0000
7	145185.0000
8	143232.0000
9	70745.0000
10	91447.0000
;
param PS_h:=	#Storage capacity in hybrid facility h
1	160988.0000
2	143214.0000
3	73562.0000
4	110484.0000
5	147287.0000
;
param W_p:=	#Weight of product p
1	1.00
2	1.00
3	1.00
;
param B_p:=	#Disposal rate of product p (rand [0,1])
1	  0.0400
2	  0.0400
3	  0.0400
;
param CI_ph:	1	2	3	4	5	:=	#Inventory holding cost per unit of product p at hybrid facility h
1	3	3	3	3	3	 
2	3	3	3	3	3	 
3	3	3	3	3	3	 
;
param CT_mw:=	#Cost of transportation/unit weight from manufacturer m to depot w
[1,*,*]:1	2	3	4	5	6	7	8	9	10	:=
1	27888.7031	28583.6719	673.8658	9272.3154	11414.7070	37761.6328	11634.9619	60955.2109	32528.9570	5205.0815	 
2	37959.9688	58436.7383	11468.7598	2201.8806	24159.0488	75019.9844	13138.5840	26783.7129	74281.8906	2496.2920	 
3	3580.9236	15765.0547	7992.6128	9694.1143	46779.6172	27258.2305	910.5148	50012.9844	48537.2344	24709.8867	 
[2,*,*]:1	2	3	4	5	6	7	8	9	10	:=
1	27888.7031	28583.6719	673.8658	9272.3154	11414.7070	37761.6328	11634.9619	60955.2109	32528.9570	5205.0815	 
2	37959.9688	58436.7383	11468.7598	2201.8806	24159.0488	75019.9844	13138.5840	26783.7129	74281.8906	2496.2920	 
3	3580.9236	15765.0547	7992.6128	9694.1143	46779.6172	27258.2305	910.5148	50012.9844	48537.2344	24709.8867	 
[3,*,*]:1	2	3	4	5	6	7	8	9	10	:=
1	27888.7031	28583.6719	673.8658	9272.3154	11414.7070	37761.6328	11634.9619	60955.2109	32528.9570	5205.0815	 
2	37959.9688	58436.7383	11468.7598	2201.8806	24159.0488	75019.9844	13138.5840	26783.7129	74281.8906	2496.2920	 
3	3580.9236	15765.0547	7992.6128	9694.1143	46779.6172	27258.2305	910.5148	50012.9844	48537.2344	24709.8867	 
;
param CT_hc:=	#Cost of transportation/unit weight from hybrid facility h, to retailer c
[1,*,*]:1	2	3	4	5	6	7	8	9	10	11	12	13	14	15	16	17	18	19	20	21	22	23	24	25	26	27	28	29	30	:=
1	171426.0469	120484.5078	154723.1562	56700.2070	21832.4961	54012.8438	7789.2778	5482.3345	173440.7812	115786.3047	10400.2617	142816.2031	193582.8281	28775.2441	31228.8945	7248.8086	210566.8906	122213.9453	46561.8203	3774.9556	187766.3125	78362.9844	123489.9609	130514.9844	77115.9922	39822.3867	40517.2227	128685.7422	50920.3789	60072.4805	 
2	104011.9297	58255.8945	94732.9688	40685.1367	773.3699	38870.2812	4000.2563	20075.1816	146763.6094	66218.2578	5938.6494	102708.4922	124127.7422	435.4047	18400.2539	7624.3940	143556.1406	45693.6836	20731.4160	19918.0586	110315.9141	17646.8945	79876.3672	101970.7891	17332.1133	29674.0977	6783.3936	108160.1484	7544.0308	39009.4141	 
3	104594.8125	56716.4961	99779.2578	68634.5078	14190.6016	67058.2188	27040.4531	59098.2227	179759.5625	75314.0859	31324.4219	122679.9766	125352.2266	8083.3140	43904.4766	35736.5273	148487.2500	29500.7051	38677.6445	59185.2539	103927.5312	6731.2661	94911.4688	129589.0781	903.0906	59214.8242	5462.0400	141579.5000	1325.3464	63521.2461	 
4	7265.2002	2428.6970	4362.5630	12689.8887	48473.8906	13614.7676	71824.0625	69368.9297	29879.8965	224.2488	54047.2344	8735.9795	12623.4883	51569.9180	23490.2500	61153.1992	18583.1426	19772.4688	12852.3965	75330.5156	11471.5898	34698.5469	2577.4741	13096.2441	77453.8594	20189.9141	93135.6250	19351.8242	79351.5000	9480.1562	 
5	75935.1328	38377.4609	67718.0312	24991.5449	722.7659	23708.4824	7501.6172	19188.2773	113241.2812	43848.1953	5430.4863	74308.9141	93099.7891	1324.3148	9368.2031	8066.9092	109694.3750	32396.3848	9471.2051	20231.8027	82137.3203	12621.7197	55000.5547	74236.7422	21083.6992	17574.4922	15049.5840	80178.2812	13150.3496	23166.6816	 
[2,*,*]:1	2	3	4	5	6	7	8	9	10	11	12	13	14	15	16	17	18	19	20	21	22	23	24	25	26	27	28	29	30	:=
1	171426.0469	120484.5078	154723.1562	56700.2070	21832.4961	54012.8438	7789.2778	5482.3345	173440.7812	115786.3047	10400.2617	142816.2031	193582.8281	28775.2441	31228.8945	7248.8086	210566.8906	122213.9453	46561.8203	3774.9556	187766.3125	78362.9844	123489.9609	130514.9844	77115.9922	39822.3867	40517.2227	128685.7422	50920.3789	60072.4805	 
2	104011.9297	58255.8945	94732.9688	40685.1367	773.3699	38870.2812	4000.2563	20075.1816	146763.6094	66218.2578	5938.6494	102708.4922	124127.7422	435.4047	18400.2539	7624.3940	143556.1406	45693.6836	20731.4160	19918.0586	110315.9141	17646.8945	79876.3672	101970.7891	17332.1133	29674.0977	6783.3936	108160.1484	7544.0308	39009.4141	 
3	104594.8125	56716.4961	99779.2578	68634.5078	14190.6016	67058.2188	27040.4531	59098.2227	179759.5625	75314.0859	31324.4219	122679.9766	125352.2266	8083.3140	43904.4766	35736.5273	148487.2500	29500.7051	38677.6445	59185.2539	103927.5312	6731.2661	94911.4688	129589.0781	903.0906	59214.8242	5462.0400	141579.5000	1325.3464	63521.2461	 
4	7265.2002	2428.6970	4362.5630	12689.8887	48473.8906	13614.7676	71824.0625	69368.9297	29879.8965	224.2488	54047.2344	8735.9795	12623.4883	51569.9180	23490.2500	61153.1992	18583.1426	19772.4688	12852.3965	75330.5156	11471.5898	34698.5469	2577.4741	13096.2441	77453.8594	20189.9141	93135.6250	19351.8242	79351.5000	9480.1562	 
5	75935.1328	38377.4609	67718.0312	24991.5449	722.7659	23708.4824	7501.6172	19188.2773	113241.2812	43848.1953	5430.4863	74308.9141	93099.7891	1324.3148	9368.2031	8066.9092	109694.3750	32396.3848	9471.2051	20231.8027	82137.3203	12621.7197	55000.5547	74236.7422	21083.6992	17574.4922	15049.5840	80178.2812	13150.3496	23166.6816	 
[3,*,*]:1	2	3	4	5	6	7	8	9	10	11	12	13	14	15	16	17	18	19	20	21	22	23	24	25	26	27	28	29	30	:=
1	171426.0469	120484.5078	154723.1562	56700.2070	21832.4961	54012.8438	7789.2778	5482.3345	173440.7812	115786.3047	10400.2617	142816.2031	193582.8281	28775.2441	31228.8945	7248.8086	210566.8906	122213.9453	46561.8203	3774.9556	187766.3125	78362.9844	123489.9609	130514.9844	77115.9922	39822.3867	40517.2227	128685.7422	50920.3789	60072.4805	 
2	104011.9297	58255.8945	94732.9688	40685.1367	773.3699	38870.2812	4000.2563	20075.1816	146763.6094	66218.2578	5938.6494	102708.4922	124127.7422	435.4047	18400.2539	7624.3940	143556.1406	45693.6836	20731.4160	19918.0586	110315.9141	17646.8945	79876.3672	101970.7891	17332.1133	29674.0977	6783.3936	108160.1484	7544.0308	39009.4141	 
3	104594.8125	56716.4961	99779.2578	68634.5078	14190.6016	67058.2188	27040.4531	59098.2227	179759.5625	75314.0859	31324.4219	122679.9766	125352.2266	8083.3140	43904.4766	35736.5273	148487.2500	29500.7051	38677.6445	59185.2539	103927.5312	6731.2661	94911.4688	129589.0781	903.0906	59214.8242	5462.0400	141579.5000	1325.3464	63521.2461	 
4	7265.2002	2428.6970	4362.5630	12689.8887	48473.8906	13614.7676	71824.0625	69368.9297	29879.8965	224.2488	54047.2344	8735.9795	12623.4883	51569.9180	23490.2500	61153.1992	18583.1426	19772.4688	12852.3965	75330.5156	11471.5898	34698.5469	2577.4741	13096.2441	77453.8594	20189.9141	93135.6250	19351.8242	79351.5000	9480.1562	 
5	75935.1328	38377.4609	67718.0312	24991.5449	722.7659	23708.4824	7501.6172	19188.2773	113241.2812	43848.1953	5430.4863	74308.9141	93099.7891	1324.3148	9368.2031	8066.9092	109694.3750	32396.3848	9471.2051	20231.8027	82137.3203	12621.7197	55000.5547	74236.7422	21083.6992	17574.4922	15049.5840	80178.2812	13150.3496	23166.6816	 
;
param CT_ch:=	#Cost of transportation/unit weight from retailer c to hybrid facility h
[1,*,*]:1	2	3	4	5	:=
1	171426.0469	104011.9297	104594.8125	7265.2002	75935.1328	 
2	120484.5078	58255.8945	56716.4961	2428.6970	38377.4609	 
3	154723.1562	94732.9688	99779.2578	4362.5630	67718.0312	 
4	56700.2070	40685.1367	68634.5078	12689.8887	24991.5449	 
5	21832.4961	773.3699	14190.6016	48473.8906	722.7659	 
6	54012.8438	38870.2812	67058.2188	13614.7676	23708.4824	 
7	7789.2778	4000.2563	27040.4531	71824.0625	7501.6172	 
8	5482.3345	20075.1816	59098.2227	69368.9297	19188.2773	 
9	173440.7812	146763.6094	179759.5625	29879.8965	113241.2812	 
10	115786.3047	66218.2578	75314.0859	224.2488	43848.1953	 
11	10400.2617	5938.6494	31324.4219	54047.2344	5430.4863	 
12	142816.2031	102708.4922	122679.9766	8735.9795	74308.9141	 
13	193582.8281	124127.7422	125352.2266	12623.4883	93099.7891	 
14	28775.2441	435.4047	8083.3140	51569.9180	1324.3148	 
15	31228.8945	18400.2539	43904.4766	23490.2500	9368.2031	 
16	7248.8086	7624.3940	35736.5273	61153.1992	8066.9092	 
17	210566.8906	143556.1406	148487.2500	18583.1426	109694.3750	 
18	122213.9453	45693.6836	29500.7051	19772.4688	32396.3848	 
19	46561.8203	20731.4160	38677.6445	12852.3965	9471.2051	 
20	3774.9556	19918.0586	59185.2539	75330.5156	20231.8027	 
21	187766.3125	110315.9141	103927.5312	11471.5898	82137.3203	 
22	78362.9844	17646.8945	6731.2661	34698.5469	12621.7197	 
23	123489.9609	79876.3672	94911.4688	2577.4741	55000.5547	 
24	130514.9844	101970.7891	129589.0781	13096.2441	74236.7422	 
25	77115.9922	17332.1133	903.0906	77453.8594	21083.6992	 
26	39822.3867	29674.0977	59214.8242	20189.9141	17574.4922	 
27	40517.2227	6783.3936	5462.0400	93135.6250	15049.5840	 
28	128685.7422	108160.1484	141579.5000	19351.8242	80178.2812	 
29	50920.3789	7544.0308	1325.3464	79351.5000	13150.3496	 
30	60072.4805	39009.4141	63521.2461	9480.1562	23166.6816	 
[2,*,*]:1	2	3	4	5	:=
1	171426.0469	104011.9297	104594.8125	7265.2002	75935.1328	 
2	120484.5078	58255.8945	56716.4961	2428.6970	38377.4609	 
3	154723.1562	94732.9688	99779.2578	4362.5630	67718.0312	 
4	56700.2070	40685.1367	68634.5078	12689.8887	24991.5449	 
5	21832.4961	773.3699	14190.6016	48473.8906	722.7659	 
6	54012.8438	38870.2812	67058.2188	13614.7676	23708.4824	 
7	7789.2778	4000.2563	27040.4531	71824.0625	7501.6172	 
8	5482.3345	20075.1816	59098.2227	69368.9297	19188.2773	 
9	173440.7812	146763.6094	179759.5625	29879.8965	113241.2812	 
10	115786.3047	66218.2578	75314.0859	224.2488	43848.1953	 
11	10400.2617	5938.6494	31324.4219	54047.2344	5430.4863	 
12	142816.2031	102708.4922	122679.9766	8735.9795	74308.9141	 
13	193582.8281	124127.7422	125352.2266	12623.4883	93099.7891	 
14	28775.2441	435.4047	8083.3140	51569.9180	1324.3148	 
15	31228.8945	18400.2539	43904.4766	23490.2500	9368.2031	 
16	7248.8086	7624.3940	35736.5273	61153.1992	8066.9092	 
17	210566.8906	143556.1406	148487.2500	18583.1426	109694.3750	 
18	122213.9453	45693.6836	29500.7051	19772.4688	32396.3848	 
19	46561.8203	20731.4160	38677.6445	12852.3965	9471.2051	 
20	3774.9556	19918.0586	59185.2539	75330.5156	20231.8027	 
21	187766.3125	110315.9141	103927.5312	11471.5898	82137.3203	 
22	78362.9844	17646.8945	6731.2661	34698.5469	12621.7197	 
23	123489.9609	79876.3672	94911.4688	2577.4741	55000.5547	 
24	130514.9844	101970.7891	129589.0781	13096.2441	74236.7422	 
25	77115.9922	17332.1133	903.0906	77453.8594	21083.6992	 
26	39822.3867	29674.0977	59214.8242	20189.9141	17574.4922	 
27	40517.2227	6783.3936	5462.0400	93135.6250	15049.5840	 
28	128685.7422	108160.1484	141579.5000	19351.8242	80178.2812	 
29	50920.3789	7544.0308	1325.3464	79351.5000	13150.3496	 
30	60072.4805	39009.4141	63521.2461	9480.1562	23166.6816	 
[3,*,*]:1	2	3	4	5	:=
1	171426.0469	104011.9297	104594.8125	7265.2002	75935.1328	 
2	120484.5078	58255.8945	56716.4961	2428.6970	38377.4609	 
3	154723.1562	94732.9688	99779.2578	4362.5630	67718.0312	 
4	56700.2070	40685.1367	68634.5078	12689.8887	24991.5449	 
5	21832.4961	773.3699	14190.6016	48473.8906	722.7659	 
6	54012.8438	38870.2812	67058.2188	13614.7676	23708.4824	 
7	7789.2778	4000.2563	27040.4531	71824.0625	7501.6172	 
8	5482.3345	20075.1816	59098.2227	69368.9297	19188.2773	 
9	173440.7812	146763.6094	179759.5625	29879.8965	113241.2812	 
10	115786.3047	66218.2578	75314.0859	224.2488	43848.1953	 
11	10400.2617	5938.6494	31324.4219	54047.2344	5430.4863	 
12	142816.2031	102708.4922	122679.9766	8735.9795	74308.9141	 
13	193582.8281	124127.7422	125352.2266	12623.4883	93099.7891	 
14	28775.2441	435.4047	8083.3140	51569.9180	1324.3148	 
15	31228.8945	18400.2539	43904.4766	23490.2500	9368.2031	 
16	7248.8086	7624.3940	35736.5273	61153.1992	8066.9092	 
17	210566.8906	143556.1406	148487.2500	18583.1426	109694.3750	 
18	122213.9453	45693.6836	29500.7051	19772.4688	32396.3848	 
19	46561.8203	20731.4160	38677.6445	12852.3965	9471.2051	 
20	3774.9556	19918.0586	59185.2539	75330.5156	20231.8027	 
21	187766.3125	110315.9141	103927.5312	11471.5898	82137.3203	 
22	78362.9844	17646.8945	6731.2661	34698.5469	12621.7197	 
23	123489.9609	79876.3672	94911.4688	2577.4741	55000.5547	 
24	130514.9844	101970.7891	129589.0781	13096.2441	74236.7422	 
25	77115.9922	17332.1133	903.0906	77453.8594	21083.6992	 
26	39822.3867	29674.0977	59214.8242	20189.9141	17574.4922	 
27	40517.2227	6783.3936	5462.0400	93135.6250	15049.5840	 
28	128685.7422	108160.1484	141579.5000	19351.8242	80178.2812	 
29	50920.3789	7544.0308	1325.3464	79351.5000	13150.3496	 
30	60072.4805	39009.4141	63521.2461	9480.1562	23166.6816	 
;
param CT_hm:=	#Cost of transportation/unit weight from hybrid facility h to manufacturer m 
[1,*,*]:1	2	3	:=
1	84659.9219	48881.4570	56407.9102	 
2	32966.2891	8323.3711	36181.8477	 
3	35015.1250	12012.8398	60748.5781	 
4	5294.7720	25389.9785	10491.4570	 
5	18501.8496	2644.1968	21096.8203	 
[2,*,*]:1	2	3	:=
1	84659.9219	48881.4570	56407.9102	 
2	32966.2891	8323.3711	36181.8477	 
3	35015.1250	12012.8398	60748.5781	 
4	5294.7720	25389.9785	10491.4570	 
5	18501.8496	2644.1968	21096.8203	 
[3,*,*]:1	2	3	:=
1	84659.9219	48881.4570	56407.9102	 
2	32966.2891	8323.3711	36181.8477	 
3	35015.1250	12012.8398	60748.5781	 
4	5294.7720	25389.9785	10491.4570	 
5	18501.8496	2644.1968	21096.8203	 
;
param CT_mh:=	#Cost of transportation/unit weight from manufacturer m to hybrid facility h 
[1,*,*]:1	2	3	4	5	:=
1	84659.9219	32966.2891	35015.1250	5294.7720	18501.8496	 
2	48881.4570	8323.3711	12012.8398	25389.9785	2644.1968	 
3	56407.9102	36181.8477	60748.5781	10491.4570	21096.8203	 
[2,*,*]:1	2	3	4	5	:=
1	84659.9219	32966.2891	35015.1250	5294.7720	18501.8496	 
2	48881.4570	8323.3711	12012.8398	25389.9785	2644.1968	 
3	56407.9102	36181.8477	60748.5781	10491.4570	21096.8203	 
[3,*,*]:1	2	3	4	5	:=
1	84659.9219	32966.2891	35015.1250	5294.7720	18501.8496	 
2	48881.4570	8323.3711	12012.8398	25389.9785	2644.1968	 
3	56407.9102	36181.8477	60748.5781	10491.4570	21096.8203	 
;
param D_uh:=	#Distance from urban center u to hybrid facility h 
[1,*,*]:1	2	3	4	5	:=
1	57201.6953	8321.9941	127.3394	66127.7109	11244.5635	 
2	19919.7070	16944.6914	47524.9766	36400.2344	10528.9824	 
3	89721.2969	26581.7891	17339.5430	19766.8711	16755.2734	 
4	214554.8125	137080.1719	133570.7344	18078.3613	104780.4844	 
5	77943.4766	16785.1504	899.6775	66192.9062	18390.6953	 
6	215999.5938	144049.7812	145382.3125	19212.8984	110376.8359	 
[2,*,*]:1	2	3	4	5	:=
1	57201.6953	8321.9941	127.3394	66127.7109	11244.5635	 
2	19919.7070	16944.6914	47524.9766	36400.2344	10528.9824	 
3	89721.2969	26581.7891	17339.5430	19766.8711	16755.2734	 
4	214554.8125	137080.1719	133570.7344	18078.3613	104780.4844	 
5	77943.4766	16785.1504	899.6775	66192.9062	18390.6953	 
6	215999.5938	144049.7812	145382.3125	19212.8984	110376.8359	 
[3,*,*]:1	2	3	4	5	:=
1	57201.6953	8321.9941	127.3394	66127.7109	11244.5635	 
2	19919.7070	16944.6914	47524.9766	36400.2344	10528.9824	 
3	89721.2969	26581.7891	17339.5430	19766.8711	16755.2734	 
4	214554.8125	137080.1719	133570.7344	18078.3613	104780.4844	 
5	77943.4766	16785.1504	899.6775	66192.9062	18390.6953	 
6	215999.5938	144049.7812	145382.3125	19212.8984	110376.8359	 
;
param Surrounding:=	62260.1484	;
param Pop_u:=	#Population per urban center u
1	161182.5312
2	181197.4375
3	184619.2500
4	147255.5625
5	157391.8125
6	144538.7344
;
param CR_pm:	1	2	3	:=	#Cost of recycled/reprocessed per unit of product p in manufacturer m
1	87.8928	82.7998	76.5217	 
2	78.2903	75.3667	77.4860	 
3	75.9169	85.5001	85.5145	 
;
param FCH_h:=	#Operating fixed cost for hybrid facility h
1	9773.2617
2	11523.8623
3	8585.1514
4	8776.0215
5	10445.6260
;
param FCM_m:=	#Fixed cost for opening manufacturing plant m
1	44145.7227
2	34810.2812
3	52857.5508
;
param A_pct:=	#Return rate of product p available in retailer c at time period t (rand [0,1])
[1,*,*]:	1	2	3	4	5	:=
1	0.2000	0.2000	0.2000	0.2000	0.2000	 
2	0.2000	0.2000	0.2000	0.2000	0.2000	 
3	0.2000	0.2000	0.2000	0.2000	0.2000	 
4	0.2000	0.2000	0.2000	0.2000	0.2000	 
5	0.2000	0.2000	0.2000	0.2000	0.2000	 
6	0.2000	0.2000	0.2000	0.2000	0.2000	 
7	0.2000	0.2000	0.2000	0.2000	0.2000	 
8	0.2000	0.2000	0.2000	0.2000	0.2000	 
9	0.2000	0.2000	0.2000	0.2000	0.2000	 
10	0.2000	0.2000	0.2000	0.2000	0.2000	 
11	0.2000	0.2000	0.2000	0.2000	0.2000	 
12	0.2000	0.2000	0.2000	0.2000	0.2000	 
13	0.2000	0.2000	0.2000	0.2000	0.2000	 
14	0.2000	0.2000	0.2000	0.2000	0.2000	 
15	0.2000	0.2000	0.2000	0.2000	0.2000	 
16	0.2000	0.2000	0.2000	0.2000	0.2000	 
17	0.2000	0.2000	0.2000	0.2000	0.2000	 
18	0.2000	0.2000	0.2000	0.2000	0.2000	 
19	0.2000	0.2000	0.2000	0.2000	0.2000	 
20	0.2000	0.2000	0.2000	0.2000	0.2000	 
21	0.2000	0.2000	0.2000	0.2000	0.2000	 
22	0.2000	0.2000	0.2000	0.2000	0.2000	 
23	0.2000	0.2000	0.2000	0.2000	0.2000	 
24	0.2000	0.2000	0.2000	0.2000	0.2000	 
25	0.2000	0.2000	0.2000	0.2000	0.2000	 
26	0.2000	0.2000	0.2000	0.2000	0.2000	 
27	0.2000	0.2000	0.2000	0.2000	0.2000	 
28	0.2000	0.2000	0.2000	0.2000	0.2000	 
29	0.2000	0.2000	0.2000	0.2000	0.2000	 
30	0.2000	0.2000	0.2000	0.2000	0.2000	 
[2,*,*]:	1	2	3	4	5	:=
1	0.2000	0.2000	0.2000	0.2000	0.2000	 
2	0.2000	0.2000	0.2000	0.2000	0.2000	 
3	0.2000	0.2000	0.2000	0.2000	0.2000	 
4	0.2000	0.2000	0.2000	0.2000	0.2000	 
5	0.2000	0.2000	0.2000	0.2000	0.2000	 
6	0.2000	0.2000	0.2000	0.2000	0.2000	 
7	0.2000	0.2000	0.2000	0.2000	0.2000	 
8	0.2000	0.2000	0.2000	0.2000	0.2000	 
9	0.2000	0.2000	0.2000	0.2000	0.2000	 
10	0.2000	0.2000	0.2000	0.2000	0.2000	 
11	0.2000	0.2000	0.2000	0.2000	0.2000	 
12	0.2000	0.2000	0.2000	0.2000	0.2000	 
13	0.2000	0.2000	0.2000	0.2000	0.2000	 
14	0.2000	0.2000	0.2000	0.2000	0.2000	 
15	0.2000	0.2000	0.2000	0.2000	0.2000	 
16	0.2000	0.2000	0.2000	0.2000	0.2000	 
17	0.2000	0.2000	0.2000	0.2000	0.2000	 
18	0.2000	0.2000	0.2000	0.2000	0.2000	 
19	0.2000	0.2000	0.2000	0.2000	0.2000	 
20	0.2000	0.2000	0.2000	0.2000	0.2000	 
21	0.2000	0.2000	0.2000	0.2000	0.2000	 
22	0.2000	0.2000	0.2000	0.2000	0.2000	 
23	0.2000	0.2000	0.2000	0.2000	0.2000	 
24	0.2000	0.2000	0.2000	0.2000	0.2000	 
25	0.2000	0.2000	0.2000	0.2000	0.2000	 
26	0.2000	0.2000	0.2000	0.2000	0.2000	 
27	0.2000	0.2000	0.2000	0.2000	0.2000	 
28	0.2000	0.2000	0.2000	0.2000	0.2000	 
29	0.2000	0.2000	0.2000	0.2000	0.2000	 
30	0.2000	0.2000	0.2000	0.2000	0.2000	 
[3,*,*]:	1	2	3	4	5	:=
1	0.2000	0.2000	0.2000	0.2000	0.2000	 
2	0.2000	0.2000	0.2000	0.2000	0.2000	 
3	0.2000	0.2000	0.2000	0.2000	0.2000	 
4	0.2000	0.2000	0.2000	0.2000	0.2000	 
5	0.2000	0.2000	0.2000	0.2000	0.2000	 
6	0.2000	0.2000	0.2000	0.2000	0.2000	 
7	0.2000	0.2000	0.2000	0.2000	0.2000	 
8	0.2000	0.2000	0.2000	0.2000	0.2000	 
9	0.2000	0.2000	0.2000	0.2000	0.2000	 
10	0.2000	0.2000	0.2000	0.2000	0.2000	 
11	0.2000	0.2000	0.2000	0.2000	0.2000	 
12	0.2000	0.2000	0.2000	0.2000	0.2000	 
13	0.2000	0.2000	0.2000	0.2000	0.2000	 
14	0.2000	0.2000	0.2000	0.2000	0.2000	 
15	0.2000	0.2000	0.2000	0.2000	0.2000	 
16	0.2000	0.2000	0.2000	0.2000	0.2000	 
17	0.2000	0.2000	0.2000	0.2000	0.2000	 
18	0.2000	0.2000	0.2000	0.2000	0.2000	 
19	0.2000	0.2000	0.2000	0.2000	0.2000	 
20	0.2000	0.2000	0.2000	0.2000	0.2000	 
21	0.2000	0.2000	0.2000	0.2000	0.2000	 
22	0.2000	0.2000	0.2000	0.2000	0.2000	 
23	0.2000	0.2000	0.2000	0.2000	0.2000	 
24	0.2000	0.2000	0.2000	0.2000	0.2000	 
25	0.2000	0.2000	0.2000	0.2000	0.2000	 
26	0.2000	0.2000	0.2000	0.2000	0.2000	 
27	0.2000	0.2000	0.2000	0.2000	0.2000	 
28	0.2000	0.2000	0.2000	0.2000	0.2000	 
29	0.2000	0.2000	0.2000	0.2000	0.2000	 
30	0.2000	0.2000	0.2000	0.2000	0.2000	 
;
param SL:=	1.64	;	 
param SDS_p:=	#Sales standar deviation of product p 
1	 56.5925
2	 56.6142
3	 57.3250
;
param L_p:=	#Average lead time for product p at retailers (Lead time = Order to ship time + Transit lead time) - 4months
1	  3.3949
2	  3.3727
3	  2.9970
;
param CM_pm:=	#manufacturing capacity limit
1	224725.0000
2	224725.0000
3	224725.0000
;
param Mbig:=	 224725.0000;
param CO_vk:1	2	3:=	#Cost of CO2 emission per vehicle type v with size k
1	0.0003	0.001	0.002	#Electric Vehicle
2	0.001	0.003	0.006;	#Internal combustion

param VC_vk:1	2	3:= #Cost per vehicle type v with size k
1	100	200	1000	#Electric Vehicle
2	50	100	500	; 	#Internal combustion

param VQ_vk:1	2	3:=	#Capacity per vehicle type v with size k
1	10	20	50	#Electric Vehicle
2	10	20	50	; 	#Internal combustion

