#Coord Suppliers
# 	1	196.1977		  7.7779	
# 	2	247.3481		130.5967	
# 	3	189.1655		 99.1004	
# 	4	 92.0919		185.7813	
# 	5	134.8446		 80.0482	
#Coord Manufacturers
# 	1	279.5102		158.7426	
# 	2	 60.5610		154.0734	
# 	3	 82.9979		235.6005	
#Coord Warehouse
# 	1	384.2889		148.2710	
# 	2	380.9527		 23.8936	
# 	3	227.3607		 19.5860	
# 	4	192.6551		 28.9593	
# 	5	 57.2220		179.0236	
#Coord Hybrids
# 	1	101.7054		 32.0837	
# 	2	 99.1378		104.9479	
# 	3	210.5044		 60.5230	
# 	4	288.1830		144.9209	
# 	5	227.3565		116.0678	
#Coord Retailers
# 	1	357.1368		174.0013	
# 	2	 73.0344		210.2257	
# 	3	434.0480		150.0025	
# 	4	400.2840		102.4841	
# 	5	255.2149		128.2638	
# 	6	196.5363		232.9677	
# 	7	241.0219		286.1227	
# 	8	244.8937		 24.6285	
# 	9	164.8541		255.2552	
# 	10	182.8238		  8.1607	
#Coord Urban center
# 	1	111.2298		 20.1433	
# 	2	447.2334		291.1741	
# 	3	360.1163		180.5451	
# 	4	344.2319		 50.7676	
# 	5	131.8604		157.2201	
# 	6	160.4809		 13.7037	

#Parameters

param I:=	3;	#Raw material
param S:=	5;	#Supplier
param M:=	3;	#Manufacturer
param H:=	5;	#Hybrid
param W:=	5;	#Warehouse
param C:=	10;	#Retailer
param P:=	3;	#Products
param T:=	5;	#Time period
param TV:=	2;	#Type of vehicle
param SZ:=	3;	#Size of vehicle
param UC:=	6;	#Urban centers

param CI_im:	1	2	3	:=	#Inventory holding cost/unit of raw material i at manufacturer m
1	3	3	3	 
2	3	3	3	 
3	3	3	3	 
; 
param CI_pw:	1	2	3	4	5	:=	#Inventory holding cost/unit of product p at depot w
1	3	3	3	3	3	 
2	3	3	3	3	3	 
3	3	3	3	3	3	 
;
param CP_pm:	1	2	3	:=	#Production cost of product p at manufacturer m
1	109.8315	104.4136	105.0400	 
2	103.2354	102.5975	103.8689	 
3	108.3202	107.3675	103.7921	 
;
param CT_ism:=	#Cost of raw material i per unit from supplier s to manufacturer m
[1,*,*]:1	2	3	:=
1	1253.2544	1449.3512	1317.3472	
2	1395.6713	1256.3877	1415.5505	
3	1346.8809	1374.2684	1353.7264	
4	1337.7180	1387.7445	1493.2277	
5	1278.1941	1328.3146	1260.4495	
[2,*,*]:1	2	3	:=
1	1434.6000	1414.3781	1303.6589	
2	1354.1884	1410.9604	1415.3704	
3	1292.6193	1470.4131	1444.5021	
4	1283.4885	1467.2291	1437.1945	
5	1449.6464	1385.8363	1305.2095	
[3,*,*]:1	2	3	:=
1	1479.6146	1398.0211	1336.5594	
2	1315.9446	1478.4789	1354.9338	
3	1385.0479	1402.1106	1456.5625	
4	1405.8907	1294.1780	1397.8143	
5	1372.3165	1386.9769	1424.8801	
;
param CT_wc:=	#Cost of transportation/unit weight from depot w to retailer c1 (Matrix of the cost CTij)
[1,*,*]:1	2	3	4	5	6	7	8	9	10	:=
1	1399.2769	100717.7500	2478.9656	2352.2888	17060.3887	42424.5742	39528.5078	34718.5078	59597.2344	60219.1016	
2	23099.4863	129533.2969	18722.5547	6550.1611	26703.1211	77721.3828	88344.6953	18512.5879	100226.7500	39502.5898	
3	40685.9180	60160.1406	59728.0859	36774.5625	12586.7256	46481.9375	71228.4609	332.8306	59447.0547	2114.0796	
4	48091.4297	47166.6250	72922.0000	48515.6875	13775.1182	41634.5195	68472.3594	2747.6289	51982.7227	529.2349	
5	89974.1484	1223.6030	142840.0469	123549.8594	41777.7422	22318.4414	45252.6172	59058.5156	17395.9199	44969.9297	
[2,*,*]:1	2	3	4	5	6	7	8	9	10	:=
1	1399.2769	100717.7500	2478.9656	2352.2888	17060.3887	42424.5742	39528.5078	34718.5078	59597.2344	60219.1016	
2	23099.4863	129533.2969	18722.5547	6550.1611	26703.1211	77721.3828	88344.6953	18512.5879	100226.7500	39502.5898	
3	40685.9180	60160.1406	59728.0859	36774.5625	12586.7256	46481.9375	71228.4609	332.8306	59447.0547	2114.0796	
4	48091.4297	47166.6250	72922.0000	48515.6875	13775.1182	41634.5195	68472.3594	2747.6289	51982.7227	529.2349	
5	89974.1484	1223.6030	142840.0469	123549.8594	41777.7422	22318.4414	45252.6172	59058.5156	17395.9199	44969.9297	
[3,*,*]:1	2	3	4	5	6	7	8	9	10	:=
1	1399.2769	100717.7500	2478.9656	2352.2888	17060.3887	42424.5742	39528.5078	34718.5078	59597.2344	60219.1016	
2	23099.4863	129533.2969	18722.5547	6550.1611	26703.1211	77721.3828	88344.6953	18512.5879	100226.7500	39502.5898	
3	40685.9180	60160.1406	59728.0859	36774.5625	12586.7256	46481.9375	71228.4609	332.8306	59447.0547	2114.0796	
4	48091.4297	47166.6250	72922.0000	48515.6875	13775.1182	41634.5195	68472.3594	2747.6289	51982.7227	529.2349	
5	89974.1484	1223.6030	142840.0469	123549.8594	41777.7422	22318.4414	45252.6172	59058.5156	17395.9199	44969.9297	
;
param DEM_pct:=	#Demand of product 1 at retailer c at time period t
[1,*,*]:	1	2	3	4	5	:=
1	449.0000	437.0000	422.0000	455.0000	402.0000	 
2	526.0000	459.0000	437.0000	419.0000	457.0000	 
3	443.0000	457.0000	494.0000	510.0000	569.0000	 
4	598.0000	410.0000	446.0000	529.0000	432.0000	 
5	574.0000	443.0000	548.0000	531.0000	560.0000	 
6	406.0000	446.0000	541.0000	418.0000	406.0000	 
7	471.0000	518.0000	410.0000	413.0000	409.0000	 
8	479.0000	534.0000	440.0000	575.0000	486.0000	 
9	524.0000	458.0000	523.0000	591.0000	490.0000	 
10	441.0000	485.0000	489.0000	502.0000	505.0000	 
[2,*,*]:	1	2	3	4	5	:=
1	408.0000	433.0000	490.0000	542.0000	556.0000	 
2	555.0000	501.0000	591.0000	466.0000	496.0000	 
3	550.0000	572.0000	483.0000	570.0000	489.0000	 
4	543.0000	402.0000	405.0000	588.0000	420.0000	 
5	532.0000	457.0000	440.0000	478.0000	585.0000	 
6	514.0000	583.0000	540.0000	500.0000	501.0000	 
7	444.0000	401.0000	484.0000	513.0000	575.0000	 
8	536.0000	568.0000	585.0000	588.0000	563.0000	 
9	426.0000	469.0000	442.0000	573.0000	558.0000	 
10	470.0000	514.0000	561.0000	567.0000	441.0000	 
[3,*,*]:	1	2	3	4	5	:=
1	546.0000	561.0000	409.0000	421.0000	487.0000	 
2	444.0000	576.0000	544.0000	543.0000	554.0000	 
3	466.0000	446.0000	525.0000	483.0000	587.0000	 
4	528.0000	477.0000	571.0000	476.0000	436.0000	 
5	556.0000	494.0000	452.0000	538.0000	596.0000	 
6	449.0000	558.0000	552.0000	424.0000	568.0000	 
7	492.0000	425.0000	507.0000	459.0000	435.0000	 
8	416.0000	440.0000	486.0000	528.0000	417.0000	 
9	543.0000	420.0000	435.0000	543.0000	577.0000	 
10	597.0000	531.0000	496.0000	418.0000	512.0000	 
;
param FCW_w:=	#Fixed operating cost for depot w
1	8724.6006
2	10057.6084
3	10435.7207
4	11332.8496
5	9295.0020
;
param OFF_ip:	1	2	3	:=	#Off take of raw material i for product p
1	0.50	0.50	0.50	
2	0.50	0.50	0.50	
3	0.50	0.50	0.50	
;
param PS_m:=	#Storage capacity at manufacturer m
1	55370.0000
2	55596.0000
3	49319.0000
;
param PS_w:=	#Storage capacity at depot w
1	44410.0000
2	45880.0000
3	51146.0000
4	53981.0000
5	50290.0000
;
param PS_h:=	#Storage capacity in hybrid facility h
1	42431.0000
2	21328.0000
3	41778.0000
4	31731.0000
5	24723.0000
;
param W_p:=	#Weight of product p
1	1.00
2	1.00
3	1.00
;
param B_p:=	#Disposal rate of product p (rand [0,1])
1	  0.0200
2	  0.0200
3	  0.0200
;
param CI_ph:	1	2	3	4	5	:=	#Inventory holding cost per unit of product p at hybrid facility h
1	3	3	3	3	3	 
2	3	3	3	3	3	 
3	3	3	3	3	3	 
;
param CT_mw:=	#Cost of transportation/unit weight from manufacturer m to depot w
[1,*,*]:1	2	3	4	5	:=
1	11088.2207	28474.8164	22084.1484	24387.5391	49823.3789	 
2	104833.4219	119597.6172	45909.0469	33102.4023	633.6588	 
3	98402.6875	133596.8125	67502.9219	54725.2969	3865.3511	 
[2,*,*]:1	2	3	4	5	:=
1	11088.2207	28474.8164	22084.1484	24387.5391	49823.3789	 
2	104833.4219	119597.6172	45909.0469	33102.4023	633.6588	 
3	98402.6875	133596.8125	67502.9219	54725.2969	3865.3511	 
[3,*,*]:1	2	3	4	5	:=
1	11088.2207	28474.8164	22084.1484	24387.5391	49823.3789	 
2	104833.4219	119597.6172	45909.0469	33102.4023	633.6588	 
3	98402.6875	133596.8125	67502.9219	54725.2969	3865.3511	 
;
param CT_hc:=	#Cost of transportation/unit weight from hybrid facility h, to retailer c
[1,*,*]:1	2	3	4	5	6	7	8	9	10	:=
1	85385.8125	32556.5938	124356.4375	94105.4062	32815.7656	49347.2891	83944.8750	20558.4629	53793.2539	7152.4990	 
2	71331.8828	11764.8057	114194.7578	90695.1250	24903.6875	25875.5488	52955.4062	27695.9883	26910.9102	16371.0986	 
3	34378.4062	41308.9023	57978.3320	37777.0547	6587.8486	29932.3047	51826.5469	2471.0400	40004.5703	3508.0227	 
4	5600.2900	50553.6602	21302.4004	14367.5156	1364.3610	16151.3691	22162.1055	16344.2490	27383.6719	29803.9414	 
5	20199.2129	32681.0391	43872.9141	30088.4336	924.8293	14615.4863	29105.4062	8668.7012	23279.6777	13627.1074	 
[2,*,*]:1	2	3	4	5	6	7	8	9	10	:=
1	85385.8125	32556.5938	124356.4375	94105.4062	32815.7656	49347.2891	83944.8750	20558.4629	53793.2539	7152.4990	 
2	71331.8828	11764.8057	114194.7578	90695.1250	24903.6875	25875.5488	52955.4062	27695.9883	26910.9102	16371.0986	 
3	34378.4062	41308.9023	57978.3320	37777.0547	6587.8486	29932.3047	51826.5469	2471.0400	40004.5703	3508.0227	 
4	5600.2900	50553.6602	21302.4004	14367.5156	1364.3610	16151.3691	22162.1055	16344.2490	27383.6719	29803.9414	 
5	20199.2129	32681.0391	43872.9141	30088.4336	924.8293	14615.4863	29105.4062	8668.7012	23279.6777	13627.1074	 
[3,*,*]:1	2	3	4	5	6	7	8	9	10	:=
1	85385.8125	32556.5938	124356.4375	94105.4062	32815.7656	49347.2891	83944.8750	20558.4629	53793.2539	7152.4990	 
2	71331.8828	11764.8057	114194.7578	90695.1250	24903.6875	25875.5488	52955.4062	27695.9883	26910.9102	16371.0986	 
3	34378.4062	41308.9023	57978.3320	37777.0547	6587.8486	29932.3047	51826.5469	2471.0400	40004.5703	3508.0227	 
4	5600.2900	50553.6602	21302.4004	14367.5156	1364.3610	16151.3691	22162.1055	16344.2490	27383.6719	29803.9414	 
5	20199.2129	32681.0391	43872.9141	30088.4336	924.8293	14615.4863	29105.4062	8668.7012	23279.6777	13627.1074	 
;
param CT_ch:=	#Cost of transportation/unit weight from retailer c to hybrid facility h
[1,*,*]:1	2	3	4	5	:=
1	85385.8125	71331.8828	34378.4062	5600.2900	20199.2129	 
2	32556.5938	11764.8057	41308.9023	50553.6602	32681.0391	 
3	124356.4375	114194.7578	57978.3320	21302.4004	43872.9141	 
4	94105.4062	90695.1250	37777.0547	14367.5156	30088.4336	 
5	32815.7656	24903.6875	6587.8486	1364.3610	924.8293	 
6	49347.2891	25875.5488	29932.3047	16151.3691	14615.4863	 
7	83944.8750	52955.4062	51826.5469	22162.1055	29105.4062	 
8	20558.4629	27695.9883	2471.0400	16344.2490	8668.7012	 
9	53793.2539	26910.9102	40004.5703	27383.6719	23279.6777	 
10	7152.4990	16371.0986	3508.0227	29803.9414	13627.1074	 
[2,*,*]:1	2	3	4	5	:=
1	85385.8125	71331.8828	34378.4062	5600.2900	20199.2129	 
2	32556.5938	11764.8057	41308.9023	50553.6602	32681.0391	 
3	124356.4375	114194.7578	57978.3320	21302.4004	43872.9141	 
4	94105.4062	90695.1250	37777.0547	14367.5156	30088.4336	 
5	32815.7656	24903.6875	6587.8486	1364.3610	924.8293	 
6	49347.2891	25875.5488	29932.3047	16151.3691	14615.4863	 
7	83944.8750	52955.4062	51826.5469	22162.1055	29105.4062	 
8	20558.4629	27695.9883	2471.0400	16344.2490	8668.7012	 
9	53793.2539	26910.9102	40004.5703	27383.6719	23279.6777	 
10	7152.4990	16371.0986	3508.0227	29803.9414	13627.1074	 
[3,*,*]:1	2	3	4	5	:=
1	85385.8125	71331.8828	34378.4062	5600.2900	20199.2129	 
2	32556.5938	11764.8057	41308.9023	50553.6602	32681.0391	 
3	124356.4375	114194.7578	57978.3320	21302.4004	43872.9141	 
4	94105.4062	90695.1250	37777.0547	14367.5156	30088.4336	 
5	32815.7656	24903.6875	6587.8486	1364.3610	924.8293	 
6	49347.2891	25875.5488	29932.3047	16151.3691	14615.4863	 
7	83944.8750	52955.4062	51826.5469	22162.1055	29105.4062	 
8	20558.4629	27695.9883	2471.0400	16344.2490	8668.7012	 
9	53793.2539	26910.9102	40004.5703	27383.6719	23279.6777	 
10	7152.4990	16371.0986	3508.0227	29803.9414	13627.1074	 
;
param CT_hm:=	#Cost of transportation/unit weight from hybrid facility h to manufacturer m 
[1,*,*]:1	2	3	:=
1	47657.0391	16574.3574	41769.0703	 
2	35428.0898	3901.4912	17330.6094	 
3	14408.9102	31234.7109	46910.0469	 
4	266.2568	51895.5781	50323.7148	 
5	4541.1484	29265.1895	35127.4805	 
[2,*,*]:1	2	3	:=
1	47657.0391	16574.3574	41769.0703	 
2	35428.0898	3901.4912	17330.6094	 
3	14408.9102	31234.7109	46910.0469	 
4	266.2568	51895.5781	50323.7148	 
5	4541.1484	29265.1895	35127.4805	 
[3,*,*]:1	2	3	:=
1	47657.0391	16574.3574	41769.0703	 
2	35428.0898	3901.4912	17330.6094	 
3	14408.9102	31234.7109	46910.0469	 
4	266.2568	51895.5781	50323.7148	 
5	4541.1484	29265.1895	35127.4805	 
;
param CT_mh:=	#Cost of transportation/unit weight from manufacturer m to hybrid facility h 
[1,*,*]:1	2	3	4	5	:=
1	47657.0391	35428.0898	14408.9102	266.2568	4541.1484	 
2	16574.3574	3901.4912	31234.7109	51895.5781	29265.1895	 
3	41769.0703	17330.6094	46910.0469	50323.7148	35127.4805	 
[2,*,*]:1	2	3	4	5	:=
1	47657.0391	35428.0898	14408.9102	266.2568	4541.1484	 
2	16574.3574	3901.4912	31234.7109	51895.5781	29265.1895	 
3	41769.0703	17330.6094	46910.0469	50323.7148	35127.4805	 
[3,*,*]:1	2	3	4	5	:=
1	47657.0391	35428.0898	14408.9102	266.2568	4541.1484	 
2	16574.3574	3901.4912	31234.7109	51895.5781	29265.1895	 
3	41769.0703	17330.6094	46910.0469	50323.7148	35127.4805	 
;
param D_uh:=	#Distance from urban center u to hybrid facility h 
[1,*,*]:1	2	3	4	5	:=
1	233.2866	7338.0312	11485.9648	46881.9219	22686.9355	 
2	186517.4375	155850.7656	109240.5781	46687.0000	79008.0547	 
3	88816.9844	73824.7188	36789.0430	6443.4722	21782.4746	 
4	59168.2109	63006.6406	17978.2285	12006.3223	17923.9688	 
5	16568.4336	3803.1523	15535.1934	24588.0234	10813.0127	 
6	3792.3879	12088.4824	4694.3896	33525.8008	14950.7578	 
[2,*,*]:1	2	3	4	5	:=
1	233.2866	7338.0312	11485.9648	46881.9219	22686.9355	 
2	186517.4375	155850.7656	109240.5781	46687.0000	79008.0547	 
3	88816.9844	73824.7188	36789.0430	6443.4722	21782.4746	 
4	59168.2109	63006.6406	17978.2285	12006.3223	17923.9688	 
5	16568.4336	3803.1523	15535.1934	24588.0234	10813.0127	 
6	3792.3879	12088.4824	4694.3896	33525.8008	14950.7578	 
[3,*,*]:1	2	3	4	5	:=
1	233.2866	7338.0312	11485.9648	46881.9219	22686.9355	 
2	186517.4375	155850.7656	109240.5781	46687.0000	79008.0547	 
3	88816.9844	73824.7188	36789.0430	6443.4722	21782.4746	 
4	59168.2109	63006.6406	17978.2285	12006.3223	17923.9688	 
5	16568.4336	3803.1523	15535.1934	24588.0234	10813.0127	 
6	3792.3879	12088.4824	4694.3896	33525.8008	14950.7578	 
;
param Surrounding:=	40134.3203	;
param Pop_u:=	#Population per urban center u
1	144037.0469
2	104525.6562
3	154654.0625
4	149780.1562
5	165116.3594
6	151104.0781
;
param CR_pm:	1	2	3	:=	#Cost of recycled/reprocessed per unit of product p in manufacturer m
1	88.3975	87.3734	82.8996	 
2	81.9517	82.3395	78.9108	 
3	81.0396	81.5500	75.2258	 
;
param FCH_h:=	#Operating fixed cost for hybrid facility h
1	11571.6230
2	8116.5972
3	9491.5713
4	8383.4932
5	8787.8574
;
param FCM_m:=	#Fixed cost for opening manufacturing plant m
1	53675.6719
2	40539.2383
3	48767.0195
;
param A_pct:=	#Return rate of product p available in retailer c at time period t (rand [0,1])
[1,*,*]:	1	2	3	4	5	:=
1	0.5000	0.5000	0.5000	0.5000	0.5000	 
2	0.5000	0.5000	0.5000	0.5000	0.5000	 
3	0.5000	0.5000	0.5000	0.5000	0.5000	 
4	0.5000	0.5000	0.5000	0.5000	0.5000	 
5	0.5000	0.5000	0.5000	0.5000	0.5000	 
6	0.5000	0.5000	0.5000	0.5000	0.5000	 
7	0.5000	0.5000	0.5000	0.5000	0.5000	 
8	0.5000	0.5000	0.5000	0.5000	0.5000	 
9	0.5000	0.5000	0.5000	0.5000	0.5000	 
10	0.5000	0.5000	0.5000	0.5000	0.5000	 
[2,*,*]:	1	2	3	4	5	:=
1	0.5000	0.5000	0.5000	0.5000	0.5000	 
2	0.5000	0.5000	0.5000	0.5000	0.5000	 
3	0.5000	0.5000	0.5000	0.5000	0.5000	 
4	0.5000	0.5000	0.5000	0.5000	0.5000	 
5	0.5000	0.5000	0.5000	0.5000	0.5000	 
6	0.5000	0.5000	0.5000	0.5000	0.5000	 
7	0.5000	0.5000	0.5000	0.5000	0.5000	 
8	0.5000	0.5000	0.5000	0.5000	0.5000	 
9	0.5000	0.5000	0.5000	0.5000	0.5000	 
10	0.5000	0.5000	0.5000	0.5000	0.5000	 
[3,*,*]:	1	2	3	4	5	:=
1	0.5000	0.5000	0.5000	0.5000	0.5000	 
2	0.5000	0.5000	0.5000	0.5000	0.5000	 
3	0.5000	0.5000	0.5000	0.5000	0.5000	 
4	0.5000	0.5000	0.5000	0.5000	0.5000	 
5	0.5000	0.5000	0.5000	0.5000	0.5000	 
6	0.5000	0.5000	0.5000	0.5000	0.5000	 
7	0.5000	0.5000	0.5000	0.5000	0.5000	 
8	0.5000	0.5000	0.5000	0.5000	0.5000	 
9	0.5000	0.5000	0.5000	0.5000	0.5000	 
10	0.5000	0.5000	0.5000	0.5000	0.5000	 
;
param SL:=	1.64	;	 
param SDS_p:=	#Sales standar deviation of product p 
1	 55.2507
2	 58.9273
3	 58.3322
;
param L_p:=	#Average lead time for product p at retailers (Lead time = Order to ship time + Transit lead time) - 4months
1	  2.6019
2	  2.8021
3	  3.8100
;
param CM_pm:=	#manufacturing capacity limit
1	74379.0000
2	74379.0000
3	74379.0000
;
param Mbig:=	  74379.0000;
param CO_vk:1	2	3:=	#Cost of CO2 emission per vehicle type v with size k
1	0.0003	0.001	0.002	#Electric Vehicle
2	0.001	0.003	0.006;	#Internal combustion

param VC_vk:1	2	3:= #Cost per vehicle type v with size k
1	100	200	1000	#Electric Vehicle
2	50	100	500	; 	#Internal combustion

param VQ_vk:1	2	3:=	#Capacity per vehicle type v with size k
1	10	20	50	#Electric Vehicle
2	10	20	50	; 	#Internal combustion

