#Coord Suppliers
# 	1	 69.3733		222.0149	
# 	2	118.4918		160.1218	
# 	3	  6.5587		275.6241	
# 	4	405.3217		 10.0264	
# 	5	430.6272		 41.1628	
# 	6	127.7228		181.8250	
# 	7	424.9013		255.8206	
# 	8	  1.0166		156.3678	
# 	9	248.4169		145.6132	
# 	10	345.6604		 48.2150	
# 	11	344.0522		  6.2429	
# 	12	 60.8446		 34.8819	
# 	13	139.4539		201.4358	
# 	14	212.0534		244.8505	
# 	15	130.3141		219.9378	
# 	16	316.1801		 98.2708	
# 	17	150.5914		293.4174	
# 	18	281.0620		285.0941	
# 	19	345.3640		247.5028	
# 	20	182.9881		135.3925	
#Coord Manufacturers
# 	1	180.2842		298.5414	
# 	2	 79.9039		288.7791	
# 	3	188.6626		127.2157	
#Coord Warehouse
# 	1	208.4170		112.1169	
# 	2	209.4787		 10.5505	
# 	3	 37.9227		219.7562	
# 	4	286.2900		  8.3723	
# 	5	135.0765		 66.2558	
# 	6	 24.7590		156.9738	
# 	7	187.3663		 14.4656	
# 	8	257.5820		241.0550	
# 	9	 51.1208		 83.1352	
# 	10	288.7551		147.8212	
# 	11	227.9502		138.4321	
# 	12	402.6344		181.7333	
# 	13	271.5100		133.1616	
# 	14	216.0211		266.5342	
# 	15	 93.8252		283.3745	
#Coord Hybrids
# 	1	 33.0615		178.5457	
# 	2	 14.0180		199.5772	
# 	3	286.8235		258.7395	
# 	4	423.7370		133.6881	
# 	5	301.4809		277.2992	
# 	6	278.7405		 96.7757	
# 	7	143.7643		 87.4370	
# 	8	430.8378		121.7875	
# 	9	425.9501		257.1572	
# 	10	310.0175		  0.9864	
#Coord Retailers
# 	1	405.0466		275.9595	
# 	2	  2.6592		192.8778	
# 	3	173.3476		178.7226	
# 	4	274.8632		179.8858	
# 	5	140.5278		 20.9621	
# 	6	360.3304		273.4302	
# 	7	 87.6036		 63.1823	
# 	8	169.8484		120.8542	
# 	9	398.3300		 60.6463	
# 	10	188.5567		194.3878	
# 	11	230.2393		100.1497	
# 	12	350.3130		 40.6305	
# 	13	 86.2699		120.7767	
# 	14	354.0800		 76.1425	
# 	15	 49.2684		279.2028	
# 	16	 56.8743		181.5016	
# 	17	130.5549		187.9588	
# 	18	296.7642		 20.3179	
# 	19	159.9493		100.4172	
# 	20	 79.8779		  2.4010	
# 	21	  4.6973		179.2376	
# 	22	 38.0873		 94.7005	
# 	23	435.8782		262.0748	
# 	24	410.7528		 50.9695	
# 	25	142.5636		 72.5341	
# 	26	220.9297		163.1830	
# 	27	182.4545		222.7231	
# 	28	289.6799		197.8030	
# 	29	 67.1507		223.9751	
# 	30	288.6514		 89.4693	
# 	31	169.1226		296.5883	
# 	32	155.0677		103.0335	
# 	33	276.1441		185.5178	
# 	34	  6.0090		172.3298	
# 	35	349.9557		284.9646	
# 	36	316.3420		 34.8617	
# 	37	110.9707		125.6816	
# 	38	284.4142		 28.6411	
# 	39	175.6391		 96.5903	
# 	40	437.0964		290.7547	
# 	41	334.5381		155.3068	
# 	42	 74.0160		284.8145	
# 	43	414.8217		264.7712	
# 	44	 22.9674		232.4821	
# 	45	 47.6528		271.6188	
#Coord Urban center
# 	1	264.5489		296.4269	
# 	2	192.8976		188.9550	
# 	3	349.3266		 77.9452	
# 	4	287.5109		248.0400	
# 	5	234.5874		127.3455	
# 	6	238.9514		283.7934	

#Parameters

param I:=	10;	#Raw material
param S:=	20;	#Supplier
param M:=	3;	#Manufacturer
param H:=	10;	#Hybrid
param W:=	15;	#Warehouse
param C:=	45;	#Retailer
param P:=	3;	#Products
param T:=	5;	#Time period
param TV:=	2;	#Type of vehicle
param SZ:=	3;	#Size of vehicle
param UC:=	6;	#Urban centers

param CI_im:	1	2	3	:=	#Inventory holding cost/unit of raw material i at manufacturer m
1	3	3	3	 
2	3	3	3	 
3	3	3	3	 
4	3	3	3	 
5	3	3	3	 
6	3	3	3	 
7	3	3	3	 
8	3	3	3	 
9	3	3	3	 
10	3	3	3	 
; 
param CI_pw:	1	2	3	4	5	6	7	8	9	10	11	12	13	14	15	:=	#Inventory holding cost/unit of product p at depot w
1	3	3	3	3	3	3	3	3	3	3	3	3	3	3	3	 
2	3	3	3	3	3	3	3	3	3	3	3	3	3	3	3	 
3	3	3	3	3	3	3	3	3	3	3	3	3	3	3	3	 
;
param CP_pm:	1	2	3	:=	#Production cost of product p at manufacturer m
1	109.9927	106.7092	107.8958	 
2	109.8159	101.4156	100.2629	 
3	107.4644	106.1659	100.9921	 
;
param CT_ism:=	#Cost of raw material i per unit from supplier s to manufacturer m
[1,*,*]:1	2	3	:=
1	1380.4757	1376.8580	1321.4232	
2	1312.1096	1295.0873	1395.9558	
3	1288.4796	1427.9319	1464.6881	
4	1421.6104	1316.2823	1349.2582	
5	1378.2540	1336.0510	1386.4006	
6	1421.5292	1324.9232	1303.8395	
7	1447.0771	1443.9623	1260.4315	
8	1411.3713	1282.0482	1386.9131	
9	1322.8809	1456.4613	1274.3381	
10	1474.3779	1335.4973	1283.0214	
11	1364.3958	1271.1095	1435.0566	
12	1340.9344	1333.3903	1276.6062	
13	1296.5364	1379.8123	1278.1555	
14	1370.9814	1482.8721	1349.7137	
15	1295.0980	1451.3730	1415.1838	
16	1403.3588	1280.9706	1337.8854	
17	1368.2749	1344.5963	1305.4810	
18	1306.7201	1285.7070	1432.3563	
19	1280.7529	1329.9445	1347.9149	
20	1259.4854	1288.7528	1292.6622	
[2,*,*]:1	2	3	:=
1	1442.5780	1309.7997	1436.7925	
2	1336.8735	1415.3033	1413.6385	
3	1308.2440	1355.2437	1419.1359	
4	1401.3363	1402.1702	1259.8708	
5	1476.3590	1472.2642	1294.6703	
6	1346.9758	1476.9087	1363.0328	
7	1358.3232	1427.4031	1290.2256	
8	1465.9380	1253.4657	1268.5233	
9	1343.9789	1312.3409	1378.1559	
10	1285.8701	1410.4138	1384.7764	
11	1457.4785	1317.2812	1292.7639	
12	1381.6082	1310.4639	1364.0535	
13	1279.1205	1399.9517	1459.1587	
14	1478.0830	1487.6567	1395.3823	
15	1378.6726	1444.1791	1418.0243	
16	1290.9469	1356.8896	1288.5981	
17	1391.6754	1377.2758	1363.4446	
18	1497.7528	1475.0366	1287.8564	
19	1401.9187	1369.5510	1457.1561	
20	1482.3563	1457.1913	1256.6918	
[3,*,*]:1	2	3	:=
1	1472.5677	1291.0746	1333.4930	
2	1344.3253	1454.5702	1299.5133	
3	1294.0065	1498.1090	1261.1747	
4	1327.7123	1352.8959	1306.3158	
5	1317.6508	1276.8044	1452.7551	
6	1311.4950	1408.4629	1340.1095	
7	1251.2157	1311.8052	1457.4768	
8	1352.7900	1272.4786	1493.6843	
9	1413.0906	1414.0389	1481.8790	
10	1483.2556	1469.5641	1350.3813	
11	1319.7374	1370.2312	1439.2052	
12	1377.2207	1343.8184	1399.4379	
13	1410.5408	1494.6324	1405.3845	
14	1348.3501	1483.7096	1432.9552	
15	1357.6425	1364.8793	1499.6976	
16	1490.8995	1251.6299	1461.4888	
17	1340.6202	1349.3217	1323.6149	
18	1403.6991	1294.1589	1302.0955	
19	1304.0720	1390.3567	1275.7719	
20	1327.8315	1451.7203	1371.5088	
[4,*,*]:1	2	3	:=
1	1488.9336	1428.6393	1278.8113	
2	1361.9655	1381.6924	1474.0842	
3	1480.0632	1263.3209	1477.4252	
4	1422.2683	1393.6102	1479.5817	
5	1351.2577	1418.1127	1456.3713	
6	1454.0021	1390.0907	1389.9224	
7	1464.5032	1301.3837	1428.9352	
8	1453.9679	1279.8191	1462.1681	
9	1281.3055	1263.4286	1367.6577	
10	1484.6876	1486.8845	1396.6932	
11	1453.2839	1312.8136	1410.2828	
12	1291.4451	1313.3307	1482.8389	
13	1474.3329	1435.7266	1368.3759	
14	1470.1376	1292.6747	1376.9669	
15	1399.7952	1259.3110	1453.8845	
16	1320.3976	1481.3253	1483.2603	
17	1446.9543	1456.7275	1325.7657	
18	1289.6376	1341.6124	1348.3138	
19	1483.9584	1457.4701	1460.1226	
20	1423.3488	1449.4794	1366.1423	
[5,*,*]:1	2	3	:=
1	1474.9780	1492.5875	1352.7975	
2	1476.3975	1428.1455	1410.4993	
3	1381.4528	1486.0536	1340.6332	
4	1284.9727	1265.0710	1452.0275	
5	1384.4587	1309.8257	1335.5458	
6	1414.4139	1437.1530	1271.3398	
7	1405.5577	1401.0273	1448.7977	
8	1306.0753	1290.3877	1437.6418	
9	1346.9690	1280.3848	1359.4247	
10	1449.5576	1336.4564	1299.7170	
11	1441.4050	1266.4169	1273.8965	
12	1256.8748	1450.4220	1338.3566	
13	1301.5720	1250.6385	1316.9658	
14	1285.5929	1468.6469	1277.9464	
15	1441.3071	1379.2255	1259.8325	
16	1299.7893	1335.7400	1341.1794	
17	1324.2678	1410.5172	1273.0125	
18	1270.7126	1384.7799	1327.4105	
19	1417.9097	1320.4637	1419.8303	
20	1469.9867	1336.6471	1314.2888	
[6,*,*]:1	2	3	:=
1	1436.3934	1284.2552	1380.7880	
2	1481.2604	1322.9991	1437.7136	
3	1351.6139	1459.6417	1436.4878	
4	1256.6989	1473.5299	1292.1396	
5	1470.0586	1348.9132	1263.1011	
6	1470.6475	1408.1633	1322.4484	
7	1466.8704	1314.7701	1332.3256	
8	1388.5173	1400.4684	1367.6243	
9	1447.8761	1385.2944	1415.5841	
10	1269.6644	1476.1294	1270.2202	
11	1422.4352	1404.4329	1314.1550	
12	1499.9354	1464.8218	1368.9404	
13	1499.6781	1350.8544	1358.7325	
14	1422.1117	1316.0354	1360.2815	
15	1417.9554	1310.7112	1361.5114	
16	1274.0577	1487.3546	1403.4249	
17	1285.0547	1389.0452	1268.5566	
18	1362.2461	1458.7882	1411.6659	
19	1349.4354	1411.1155	1481.8723	
20	1306.6976	1474.2588	1313.7512	
[7,*,*]:1	2	3	:=
1	1405.4590	1286.9708	1373.4442	
2	1486.9427	1362.6813	1432.1091	
3	1369.4160	1264.1876	1370.1016	
4	1316.0256	1492.9194	1446.9342	
5	1471.0616	1394.6978	1494.7561	
6	1474.2538	1365.4957	1398.7660	
7	1324.1259	1354.8710	1261.7906	
8	1431.4788	1335.8041	1359.7594	
9	1349.4539	1465.6121	1319.4036	
10	1402.8480	1304.7831	1326.6036	
11	1433.6021	1380.9640	1354.7489	
12	1315.8760	1266.1904	1258.0299	
13	1456.0629	1421.7498	1441.2671	
14	1404.4944	1264.2019	1419.2144	
15	1287.6909	1491.2584	1488.0846	
16	1490.8470	1358.6086	1411.1294	
17	1269.6379	1471.8094	1431.6497	
18	1330.4430	1376.8220	1299.2074	
19	1407.4023	1497.2574	1318.3103	
20	1263.9447	1273.6326	1373.1990	
[8,*,*]:1	2	3	:=
1	1471.2834	1262.5291	1374.5475	
2	1354.8177	1420.5244	1405.0071	
3	1400.3972	1377.5284	1380.7853	
4	1273.9738	1366.4337	1317.0405	
5	1346.6508	1394.1558	1446.0980	
6	1423.2478	1310.8077	1466.8591	
7	1387.3142	1290.0156	1409.0927	
8	1469.9926	1396.7386	1460.9036	
9	1463.3965	1465.2257	1271.2261	
10	1339.3101	1302.2871	1495.8425	
11	1417.9707	1477.4778	1389.0148	
12	1316.3691	1277.3651	1363.4172	
13	1403.0183	1423.4246	1494.6506	
14	1276.3152	1355.4873	1478.5583	
15	1380.4147	1420.2375	1462.1667	
16	1377.0502	1456.4791	1303.9182	
17	1426.3953	1333.1292	1450.7059	
18	1337.0944	1424.5522	1456.4985	
19	1460.4639	1312.0232	1498.8628	
20	1251.0691	1351.7332	1332.4957	
[9,*,*]:1	2	3	:=
1	1488.5732	1391.3789	1435.9901	
2	1340.6423	1296.4739	1256.6538	
3	1282.4381	1335.7949	1431.8815	
4	1365.6729	1425.2700	1395.1022	
5	1335.2379	1371.8077	1374.2355	
6	1292.5647	1377.0381	1480.9612	
7	1403.9637	1457.6085	1487.8821	
8	1251.1746	1415.2316	1346.0737	
9	1475.9783	1402.1479	1341.2874	
10	1279.4904	1262.4855	1429.3422	
11	1487.2241	1350.0121	1320.5375	
12	1268.8699	1436.9738	1279.8499	
13	1388.6272	1385.1500	1318.3137	
14	1466.8350	1360.3425	1364.9186	
15	1453.7228	1451.4893	1352.5795	
16	1316.5001	1434.1760	1382.3218	
17	1425.9105	1491.0555	1439.8353	
18	1295.5979	1365.3545	1468.6279	
19	1314.3337	1445.3346	1393.3601	
20	1320.5581	1429.9695	1271.9393	
[10,*,*]:1	2	3	:=
1	1314.0189	1307.4805	1307.4844	
2	1318.4559	1319.4214	1490.9642	
3	1339.6685	1333.4276	1433.5364	
4	1365.5312	1373.3385	1457.4637	
5	1283.8767	1379.7360	1259.7460	
6	1313.3983	1309.9026	1342.0636	
7	1332.5514	1328.7434	1499.4281	
8	1394.1344	1343.6128	1380.9440	
9	1480.9908	1445.9536	1367.6476	
10	1287.1595	1268.2615	1250.5789	
11	1476.3530	1291.8804	1435.8717	
12	1494.6393	1395.8044	1463.4609	
13	1455.4038	1485.4119	1434.4618	
14	1352.4797	1326.9956	1381.8770	
15	1330.9353	1486.1998	1271.7838	
16	1299.1813	1350.8120	1387.3988	
17	1396.1431	1460.2673	1324.9624	
18	1451.2180	1326.8320	1323.8821	
19	1460.7117	1284.8608	1483.8303	
20	1421.6798	1390.5432	1324.2485	
;
param CT_wc:=	#Cost of transportation/unit weight from depot w to retailer c1 (Matrix of the cost CTij)
[1,*,*]:1	2	3	4	5	6	7	8	9	10	11	12	13	14	15	16	17	18	19	20	21	22	23	24	25	26	27	28	29	30	31	32	33	34	35	36	37	38	39	40	41	42	43	44	45	:=
1	65507.5664	48858.5859	5666.1680	9007.7090	12918.1455	49099.6484	16990.4805	1563.8784	38716.1602	7162.9189	619.4279	25244.7969	14994.9160	22511.8809	53245.9531	27779.4258	11814.5000	16232.2998	2485.9998	28559.8945	46006.9102	29315.5234	74225.9688	44678.7930	5903.4795	2764.3123	12907.7695	13945.7578	32468.4336	6950.4800	35573.7500	2928.6541	9974.6445	44594.5742	49909.5430	17616.1719	9679.7881	12743.7988	1315.4646	84205.7109	17771.8926	47888.0703	65906.2109	48879.3281	51285.9531	
2	108688.7500	76017.5469	29587.3008	32949.5742	4862.6221	91861.9922	17623.6426	13737.4629	38174.4062	34233.8750	8459.0332	20739.1387	27330.2383	25211.8633	97841.3906	52512.3867	37702.6836	7714.1670	10529.1875	16862.7773	70390.7656	36456.2031	114521.2344	42144.9805	8319.5957	23427.8184	45747.5195	41495.7461	65807.3438	12496.5117	83446.2812	11513.6592	35057.8438	67572.4453	95036.9375	12010.8076	22959.0000	5942.6084	8547.9600	130324.2344	36594.2500	93570.8750	106793.9297	84040.0859	94344.2578	
3	137938.7344	1965.9617	20023.6699	57730.4414	50046.8984	106827.5938	26983.5781	27185.9922	155209.3281	23334.1484	51291.3828	129673.7188	12134.3809	120580.3359	3662.6248	1822.5758	9591.7910	106774.5703	29132.2852	49003.5195	2745.6841	15638.9658	160159.4375	167491.2188	32624.0625	36692.0977	20898.2344	63863.6055	872.0725	79839.5625	23116.5762	27347.1445	57921.6836	3267.7441	101616.7500	111703.2500	14186.0342	97283.0547	34135.6602	164380.3750	92134.3984	5535.3037	144079.1406	385.6097	2784.4004	
4	85706.0156	114488.7109	41775.1797	29547.4277	21405.1230	75737.6484	42480.4297	26210.8203	15285.5186	44153.5430	11564.7734	5139.5420	52642.8125	9188.2764	129528.3906	82605.3281	56504.7422	252.4041	24434.2344	42641.6289	108489.4062	69057.1094	86741.5625	17305.5059	24774.0234	28238.3125	56728.0625	35895.4727	94506.6250	6582.2974	96796.6719	26180.0273	31483.4590	105439.4844	80556.6172	1604.8091	44498.3398	414.3407	20026.0195	102482.3750	23917.6133	121480.5156	82260.7578	119563.9688	126246.4062	
5	116859.4688	33567.5000	14113.4600	32452.0859	2081.2310	93660.5391	2263.1284	4190.0645	69333.8281	19277.9316	10204.7568	46983.4062	5354.6299	48060.2695	52709.4766	19397.1992	14832.0791	28253.1875	1785.6602	7124.3232	29763.6562	10216.0059	128826.7500	76231.0781	 95.4725	16765.6641	26726.6914	41206.8672	29489.3301	24124.1152	54212.2305	1752.2495	34123.4844	27910.1289	94006.6406	33842.7461	4112.5244	23716.6074	2565.5081	141615.7500	47714.9961	51496.3047	117665.7031	40199.6484	49816.8711	
6	158776.2344	1777.4995	22551.5918	63077.0625	31901.5977	126170.2422	12746.2891	22355.5508	148834.2344	28229.4785	45451.1367	119521.1953	5093.8125	114986.0391	15540.6416	1633.0043	12152.8359	92661.6719	21475.0684	26930.8457	898.1506	4055.6143	180065.2188	160228.1406	21007.9844	38521.5117	29190.8320	71850.0859	6286.2310	74196.0703	40333.0547	19889.9180	64009.2109	587.3687	122134.5703	99931.9922	8411.6523	83890.1172	26410.9883	187919.4375	95965.8594	18769.4883	163769.1562	5704.7041	13667.5938	
7	115763.7031	65947.6406	27176.8672	35019.5195	2236.0525	96979.2266	12325.9219	11625.4004	46638.3047	32373.3906	9179.8613	27236.2363	21522.5527	31597.4863	89156.8047	44929.1992	33327.4297	12002.1406	8139.3701	11699.3242	60517.8047	28721.8477	123068.4531	51234.0469	5379.2334	23243.3652	43395.2969	44080.6562	58346.0469	15884.2246	79926.0781	8887.4697	37140.3359	57811.5781	99605.0391	17050.7188	18205.2930	9619.2344	6881.9863	138700.7500	41495.7617	85936.8125	114388.8125	74558.1875	85647.6016	
8	22964.1133	67306.6797	10980.7637	4040.3137	62142.5664	11605.3779	60531.3711	22145.4375	52357.2734	6942.3315	20601.9102	48769.0039	43814.7188	36508.0078	44849.8125	43830.2070	18955.1035	50260.1250	29311.1309	88534.5000	67772.0781	69597.5625	32231.3672	59593.7891	41628.5547	7407.4360	5980.2075	2901.0054	36555.8281	23943.5254	10909.0312	29559.1133	3428.9282	68012.1172	10460.9609	45968.3945	34805.9141	45839.6328	27584.6934	34695.4609	13274.9883	35611.3867	25286.7578	55117.5391	45004.4180	
9	162444.6719	14391.9766	24076.3574	59421.3438	11859.1055	131822.7812	1729.1122	15518.9609	121059.9531	31265.7656	32372.9492	91322.6484	2652.3457	91833.1953	38445.9570	9709.0605	17297.7734	64286.7031	12142.3193	7344.9766	11390.8252	303.6265	180057.6875	130369.8203	8474.1660	35242.7383	36733.3281	70059.1562	20092.8535	56460.9336	59486.6836	11200.9111	61117.6875	9990.7568	130037.4688	72672.6094	5392.2075	57395.4336	15685.8652	192083.0312	85534.1094	41198.7383	165269.9844	23097.1094	35538.0977	
10	29943.1211	83880.9766	14273.7832	1221.1229	38064.5625	20900.6445	47625.6875	14866.0400	19606.1035	12208.1758	5696.6660	15279.2119	41731.6875	9405.1797	74615.0078	54903.0977	26638.3496	16321.2441	18838.0723	64776.7422	81675.8594	65656.1484	34699.0898	24263.6875	27040.1270	4836.2700	16910.1211	2499.0383	54907.9648	3404.9512	36443.6211	19878.2578	1580.0742	80546.0234	22553.8418	13520.8730	32097.4785	14222.7412	15419.8311	42435.1172	2152.1138	64880.0586	29570.0781	77810.6016	73456.1719	
11	50276.8906	53720.3867	4604.7666	3919.2319	21441.8770	35748.9961	25359.7148	3684.8123	35079.8750	4682.8906	1470.7775	24537.7988	20385.0430	19788.7168	51743.5898	31121.9688	11938.7559	18686.3301	6069.2563	40429.8828	51506.9766	37960.3750	58521.5625	41066.4844	11633.4355	661.8961	9174.8369	7335.4541	33174.1172	6081.9868	28474.1016	6564.9219	4539.7109	50406.9570	36357.1328	18539.9180	13846.7979	15242.2461	4487.1875	66944.2812	11645.7246	45123.5625	50882.5000	50863.3789	50245.8594	
12	8884.3887	160104.3594	52581.4844	16328.8955	94547.2422	10197.9512	113298.7656	57895.6094	14680.5908	45989.4102	36375.9414	22647.5137	103802.2422	13506.9541	134367.8125	119550.1250	74066.0312	37263.4492	65508.3555	136331.8594	158360.2031	140469.2812	7559.9033	17165.0859	79561.3281	33360.6992	50159.3555	13016.9609	114333.7109	21504.7617	67719.4609	67482.9219	16014.1250	157400.1094	13431.7461	29017.6445	88209.5469	37413.2422	58776.1797	13073.2920	5335.4688	118615.7812	7043.8228	146722.5156	134091.3125	
13	38223.2578	75846.7812	11711.6562	2194.3945	29745.0547	27564.3516	38718.6719	10486.5645	21341.7617	10629.9033	2793.0500	14771.9092	34467.3008	10068.9834	70719.3672	48405.2578	22871.0898	13371.4746	13517.9814	53821.2031	73312.0469	55965.3945	43635.5312	26144.0938	20302.8828	3459.6519	15952.1533	4508.6611	50009.8477	2202.8406	37191.5039	14466.5078	2762.6511	72024.9219	29197.9062	11672.7627	25828.8320	11091.0508	10528.6816	52254.4414	4462.9497	62002.4961	37859.3281	71638.0078	69282.4453	
14	35819.4805	50948.5430	9531.9111	10970.3555	66004.9062	20872.7363	57843.0625	23354.6055	75626.3750	5959.4077	27885.9570	69066.8281	38080.6250	55309.3086	27966.9297	32558.2422	13478.5664	67141.9609	30738.9043	88301.3359	52278.4336	61187.2500	48357.0664	84388.6172	43032.0742	10705.5713	3046.1323	10149.6035	23973.6719	36627.1602	3102.7188	30447.8008	10178.4395	52979.5234	18278.1816	63736.4453	30875.0508	61270.7812	30511.6523	49460.9258	26417.8320	20499.6074	39524.7891	38429.2812	28373.7168	
15	96913.7109	16500.8789	17275.8320	43484.6562	71041.3750	71123.8906	48523.2930	32192.3633	142330.9688	16892.6797	52180.0977	124710.6094	26495.1016	110677.6562	2002.7103	11743.4463	10453.2100	110382.9844	37845.7422	79140.6094	18788.2656	38704.5820	117453.9375	154455.1562	46829.0977	30601.5371	11533.7334	45681.5156	4239.8096	75556.4531	5844.2954	36273.5000	42816.0859	20042.5898	65605.3750	111272.2812	25160.9961	101213.2500	41581.8438	117889.5469	74344.0000	394.4795	103384.7891	7610.8730	2270.0874	
[2,*,*]:1	2	3	4	5	6	7	8	9	10	11	12	13	14	15	16	17	18	19	20	21	22	23	24	25	26	27	28	29	30	31	32	33	34	35	36	37	38	39	40	41	42	43	44	45	:=
1	65507.5664	48858.5859	5666.1680	9007.7090	12918.1455	49099.6484	16990.4805	1563.8784	38716.1602	7162.9189	619.4279	25244.7969	14994.9160	22511.8809	53245.9531	27779.4258	11814.5000	16232.2998	2485.9998	28559.8945	46006.9102	29315.5234	74225.9688	44678.7930	5903.4795	2764.3123	12907.7695	13945.7578	32468.4336	6950.4800	35573.7500	2928.6541	9974.6445	44594.5742	49909.5430	17616.1719	9679.7881	12743.7988	1315.4646	84205.7109	17771.8926	47888.0703	65906.2109	48879.3281	51285.9531	
2	108688.7500	76017.5469	29587.3008	32949.5742	4862.6221	91861.9922	17623.6426	13737.4629	38174.4062	34233.8750	8459.0332	20739.1387	27330.2383	25211.8633	97841.3906	52512.3867	37702.6836	7714.1670	10529.1875	16862.7773	70390.7656	36456.2031	114521.2344	42144.9805	8319.5957	23427.8184	45747.5195	41495.7461	65807.3438	12496.5117	83446.2812	11513.6592	35057.8438	67572.4453	95036.9375	12010.8076	22959.0000	5942.6084	8547.9600	130324.2344	36594.2500	93570.8750	106793.9297	84040.0859	94344.2578	
3	137938.7344	1965.9617	20023.6699	57730.4414	50046.8984	106827.5938	26983.5781	27185.9922	155209.3281	23334.1484	51291.3828	129673.7188	12134.3809	120580.3359	3662.6248	1822.5758	9591.7910	106774.5703	29132.2852	49003.5195	2745.6841	15638.9658	160159.4375	167491.2188	32624.0625	36692.0977	20898.2344	63863.6055	872.0725	79839.5625	23116.5762	27347.1445	57921.6836	3267.7441	101616.7500	111703.2500	14186.0342	97283.0547	34135.6602	164380.3750	92134.3984	5535.3037	144079.1406	385.6097	2784.4004	
4	85706.0156	114488.7109	41775.1797	29547.4277	21405.1230	75737.6484	42480.4297	26210.8203	15285.5186	44153.5430	11564.7734	5139.5420	52642.8125	9188.2764	129528.3906	82605.3281	56504.7422	252.4041	24434.2344	42641.6289	108489.4062	69057.1094	86741.5625	17305.5059	24774.0234	28238.3125	56728.0625	35895.4727	94506.6250	6582.2974	96796.6719	26180.0273	31483.4590	105439.4844	80556.6172	1604.8091	44498.3398	414.3407	20026.0195	102482.3750	23917.6133	121480.5156	82260.7578	119563.9688	126246.4062	
5	116859.4688	33567.5000	14113.4600	32452.0859	2081.2310	93660.5391	2263.1284	4190.0645	69333.8281	19277.9316	10204.7568	46983.4062	5354.6299	48060.2695	52709.4766	19397.1992	14832.0791	28253.1875	1785.6602	7124.3232	29763.6562	10216.0059	128826.7500	76231.0781	 95.4725	16765.6641	26726.6914	41206.8672	29489.3301	24124.1152	54212.2305	1752.2495	34123.4844	27910.1289	94006.6406	33842.7461	4112.5244	23716.6074	2565.5081	141615.7500	47714.9961	51496.3047	117665.7031	40199.6484	49816.8711	
6	158776.2344	1777.4995	22551.5918	63077.0625	31901.5977	126170.2422	12746.2891	22355.5508	148834.2344	28229.4785	45451.1367	119521.1953	5093.8125	114986.0391	15540.6416	1633.0043	12152.8359	92661.6719	21475.0684	26930.8457	898.1506	4055.6143	180065.2188	160228.1406	21007.9844	38521.5117	29190.8320	71850.0859	6286.2310	74196.0703	40333.0547	19889.9180	64009.2109	587.3687	122134.5703	99931.9922	8411.6523	83890.1172	26410.9883	187919.4375	95965.8594	18769.4883	163769.1562	5704.7041	13667.5938	
7	115763.7031	65947.6406	27176.8672	35019.5195	2236.0525	96979.2266	12325.9219	11625.4004	46638.3047	32373.3906	9179.8613	27236.2363	21522.5527	31597.4863	89156.8047	44929.1992	33327.4297	12002.1406	8139.3701	11699.3242	60517.8047	28721.8477	123068.4531	51234.0469	5379.2334	23243.3652	43395.2969	44080.6562	58346.0469	15884.2246	79926.0781	8887.4697	37140.3359	57811.5781	99605.0391	17050.7188	18205.2930	9619.2344	6881.9863	138700.7500	41495.7617	85936.8125	114388.8125	74558.1875	85647.6016	
8	22964.1133	67306.6797	10980.7637	4040.3137	62142.5664	11605.3779	60531.3711	22145.4375	52357.2734	6942.3315	20601.9102	48769.0039	43814.7188	36508.0078	44849.8125	43830.2070	18955.1035	50260.1250	29311.1309	88534.5000	67772.0781	69597.5625	32231.3672	59593.7891	41628.5547	7407.4360	5980.2075	2901.0054	36555.8281	23943.5254	10909.0312	29559.1133	3428.9282	68012.1172	10460.9609	45968.3945	34805.9141	45839.6328	27584.6934	34695.4609	13274.9883	35611.3867	25286.7578	55117.5391	45004.4180	
9	162444.6719	14391.9766	24076.3574	59421.3438	11859.1055	131822.7812	1729.1122	15518.9609	121059.9531	31265.7656	32372.9492	91322.6484	2652.3457	91833.1953	38445.9570	9709.0605	17297.7734	64286.7031	12142.3193	7344.9766	11390.8252	303.6265	180057.6875	130369.8203	8474.1660	35242.7383	36733.3281	70059.1562	20092.8535	56460.9336	59486.6836	11200.9111	61117.6875	9990.7568	130037.4688	72672.6094	5392.2075	57395.4336	15685.8652	192083.0312	85534.1094	41198.7383	165269.9844	23097.1094	35538.0977	
10	29943.1211	83880.9766	14273.7832	1221.1229	38064.5625	20900.6445	47625.6875	14866.0400	19606.1035	12208.1758	5696.6660	15279.2119	41731.6875	9405.1797	74615.0078	54903.0977	26638.3496	16321.2441	18838.0723	64776.7422	81675.8594	65656.1484	34699.0898	24263.6875	27040.1270	4836.2700	16910.1211	2499.0383	54907.9648	3404.9512	36443.6211	19878.2578	1580.0742	80546.0234	22553.8418	13520.8730	32097.4785	14222.7412	15419.8311	42435.1172	2152.1138	64880.0586	29570.0781	77810.6016	73456.1719	
11	50276.8906	53720.3867	4604.7666	3919.2319	21441.8770	35748.9961	25359.7148	3684.8123	35079.8750	4682.8906	1470.7775	24537.7988	20385.0430	19788.7168	51743.5898	31121.9688	11938.7559	18686.3301	6069.2563	40429.8828	51506.9766	37960.3750	58521.5625	41066.4844	11633.4355	661.8961	9174.8369	7335.4541	33174.1172	6081.9868	28474.1016	6564.9219	4539.7109	50406.9570	36357.1328	18539.9180	13846.7979	15242.2461	4487.1875	66944.2812	11645.7246	45123.5625	50882.5000	50863.3789	50245.8594	
12	8884.3887	160104.3594	52581.4844	16328.8955	94547.2422	10197.9512	113298.7656	57895.6094	14680.5908	45989.4102	36375.9414	22647.5137	103802.2422	13506.9541	134367.8125	119550.1250	74066.0312	37263.4492	65508.3555	136331.8594	158360.2031	140469.2812	7559.9033	17165.0859	79561.3281	33360.6992	50159.3555	13016.9609	114333.7109	21504.7617	67719.4609	67482.9219	16014.1250	157400.1094	13431.7461	29017.6445	88209.5469	37413.2422	58776.1797	13073.2920	5335.4688	118615.7812	7043.8228	146722.5156	134091.3125	
13	38223.2578	75846.7812	11711.6562	2194.3945	29745.0547	27564.3516	38718.6719	10486.5645	21341.7617	10629.9033	2793.0500	14771.9092	34467.3008	10068.9834	70719.3672	48405.2578	22871.0898	13371.4746	13517.9814	53821.2031	73312.0469	55965.3945	43635.5312	26144.0938	20302.8828	3459.6519	15952.1533	4508.6611	50009.8477	2202.8406	37191.5039	14466.5078	2762.6511	72024.9219	29197.9062	11672.7627	25828.8320	11091.0508	10528.6816	52254.4414	4462.9497	62002.4961	37859.3281	71638.0078	69282.4453	
14	35819.4805	50948.5430	9531.9111	10970.3555	66004.9062	20872.7363	57843.0625	23354.6055	75626.3750	5959.4077	27885.9570	69066.8281	38080.6250	55309.3086	27966.9297	32558.2422	13478.5664	67141.9609	30738.9043	88301.3359	52278.4336	61187.2500	48357.0664	84388.6172	43032.0742	10705.5713	3046.1323	10149.6035	23973.6719	36627.1602	3102.7188	30447.8008	10178.4395	52979.5234	18278.1816	63736.4453	30875.0508	61270.7812	30511.6523	49460.9258	26417.8320	20499.6074	39524.7891	38429.2812	28373.7168	
15	96913.7109	16500.8789	17275.8320	43484.6562	71041.3750	71123.8906	48523.2930	32192.3633	142330.9688	16892.6797	52180.0977	124710.6094	26495.1016	110677.6562	2002.7103	11743.4463	10453.2100	110382.9844	37845.7422	79140.6094	18788.2656	38704.5820	117453.9375	154455.1562	46829.0977	30601.5371	11533.7334	45681.5156	4239.8096	75556.4531	5844.2954	36273.5000	42816.0859	20042.5898	65605.3750	111272.2812	25160.9961	101213.2500	41581.8438	117889.5469	74344.0000	394.4795	103384.7891	7610.8730	2270.0874	
[3,*,*]:1	2	3	4	5	6	7	8	9	10	11	12	13	14	15	16	17	18	19	20	21	22	23	24	25	26	27	28	29	30	31	32	33	34	35	36	37	38	39	40	41	42	43	44	45	:=
1	65507.5664	48858.5859	5666.1680	9007.7090	12918.1455	49099.6484	16990.4805	1563.8784	38716.1602	7162.9189	619.4279	25244.7969	14994.9160	22511.8809	53245.9531	27779.4258	11814.5000	16232.2998	2485.9998	28559.8945	46006.9102	29315.5234	74225.9688	44678.7930	5903.4795	2764.3123	12907.7695	13945.7578	32468.4336	6950.4800	35573.7500	2928.6541	9974.6445	44594.5742	49909.5430	17616.1719	9679.7881	12743.7988	1315.4646	84205.7109	17771.8926	47888.0703	65906.2109	48879.3281	51285.9531	
2	108688.7500	76017.5469	29587.3008	32949.5742	4862.6221	91861.9922	17623.6426	13737.4629	38174.4062	34233.8750	8459.0332	20739.1387	27330.2383	25211.8633	97841.3906	52512.3867	37702.6836	7714.1670	10529.1875	16862.7773	70390.7656	36456.2031	114521.2344	42144.9805	8319.5957	23427.8184	45747.5195	41495.7461	65807.3438	12496.5117	83446.2812	11513.6592	35057.8438	67572.4453	95036.9375	12010.8076	22959.0000	5942.6084	8547.9600	130324.2344	36594.2500	93570.8750	106793.9297	84040.0859	94344.2578	
3	137938.7344	1965.9617	20023.6699	57730.4414	50046.8984	106827.5938	26983.5781	27185.9922	155209.3281	23334.1484	51291.3828	129673.7188	12134.3809	120580.3359	3662.6248	1822.5758	9591.7910	106774.5703	29132.2852	49003.5195	2745.6841	15638.9658	160159.4375	167491.2188	32624.0625	36692.0977	20898.2344	63863.6055	872.0725	79839.5625	23116.5762	27347.1445	57921.6836	3267.7441	101616.7500	111703.2500	14186.0342	97283.0547	34135.6602	164380.3750	92134.3984	5535.3037	144079.1406	385.6097	2784.4004	
4	85706.0156	114488.7109	41775.1797	29547.4277	21405.1230	75737.6484	42480.4297	26210.8203	15285.5186	44153.5430	11564.7734	5139.5420	52642.8125	9188.2764	129528.3906	82605.3281	56504.7422	252.4041	24434.2344	42641.6289	108489.4062	69057.1094	86741.5625	17305.5059	24774.0234	28238.3125	56728.0625	35895.4727	94506.6250	6582.2974	96796.6719	26180.0273	31483.4590	105439.4844	80556.6172	1604.8091	44498.3398	414.3407	20026.0195	102482.3750	23917.6133	121480.5156	82260.7578	119563.9688	126246.4062	
5	116859.4688	33567.5000	14113.4600	32452.0859	2081.2310	93660.5391	2263.1284	4190.0645	69333.8281	19277.9316	10204.7568	46983.4062	5354.6299	48060.2695	52709.4766	19397.1992	14832.0791	28253.1875	1785.6602	7124.3232	29763.6562	10216.0059	128826.7500	76231.0781	 95.4725	16765.6641	26726.6914	41206.8672	29489.3301	24124.1152	54212.2305	1752.2495	34123.4844	27910.1289	94006.6406	33842.7461	4112.5244	23716.6074	2565.5081	141615.7500	47714.9961	51496.3047	117665.7031	40199.6484	49816.8711	
6	158776.2344	1777.4995	22551.5918	63077.0625	31901.5977	126170.2422	12746.2891	22355.5508	148834.2344	28229.4785	45451.1367	119521.1953	5093.8125	114986.0391	15540.6416	1633.0043	12152.8359	92661.6719	21475.0684	26930.8457	898.1506	4055.6143	180065.2188	160228.1406	21007.9844	38521.5117	29190.8320	71850.0859	6286.2310	74196.0703	40333.0547	19889.9180	64009.2109	587.3687	122134.5703	99931.9922	8411.6523	83890.1172	26410.9883	187919.4375	95965.8594	18769.4883	163769.1562	5704.7041	13667.5938	
7	115763.7031	65947.6406	27176.8672	35019.5195	2236.0525	96979.2266	12325.9219	11625.4004	46638.3047	32373.3906	9179.8613	27236.2363	21522.5527	31597.4863	89156.8047	44929.1992	33327.4297	12002.1406	8139.3701	11699.3242	60517.8047	28721.8477	123068.4531	51234.0469	5379.2334	23243.3652	43395.2969	44080.6562	58346.0469	15884.2246	79926.0781	8887.4697	37140.3359	57811.5781	99605.0391	17050.7188	18205.2930	9619.2344	6881.9863	138700.7500	41495.7617	85936.8125	114388.8125	74558.1875	85647.6016	
8	22964.1133	67306.6797	10980.7637	4040.3137	62142.5664	11605.3779	60531.3711	22145.4375	52357.2734	6942.3315	20601.9102	48769.0039	43814.7188	36508.0078	44849.8125	43830.2070	18955.1035	50260.1250	29311.1309	88534.5000	67772.0781	69597.5625	32231.3672	59593.7891	41628.5547	7407.4360	5980.2075	2901.0054	36555.8281	23943.5254	10909.0312	29559.1133	3428.9282	68012.1172	10460.9609	45968.3945	34805.9141	45839.6328	27584.6934	34695.4609	13274.9883	35611.3867	25286.7578	55117.5391	45004.4180	
9	162444.6719	14391.9766	24076.3574	59421.3438	11859.1055	131822.7812	1729.1122	15518.9609	121059.9531	31265.7656	32372.9492	91322.6484	2652.3457	91833.1953	38445.9570	9709.0605	17297.7734	64286.7031	12142.3193	7344.9766	11390.8252	303.6265	180057.6875	130369.8203	8474.1660	35242.7383	36733.3281	70059.1562	20092.8535	56460.9336	59486.6836	11200.9111	61117.6875	9990.7568	130037.4688	72672.6094	5392.2075	57395.4336	15685.8652	192083.0312	85534.1094	41198.7383	165269.9844	23097.1094	35538.0977	
10	29943.1211	83880.9766	14273.7832	1221.1229	38064.5625	20900.6445	47625.6875	14866.0400	19606.1035	12208.1758	5696.6660	15279.2119	41731.6875	9405.1797	74615.0078	54903.0977	26638.3496	16321.2441	18838.0723	64776.7422	81675.8594	65656.1484	34699.0898	24263.6875	27040.1270	4836.2700	16910.1211	2499.0383	54907.9648	3404.9512	36443.6211	19878.2578	1580.0742	80546.0234	22553.8418	13520.8730	32097.4785	14222.7412	15419.8311	42435.1172	2152.1138	64880.0586	29570.0781	77810.6016	73456.1719	
11	50276.8906	53720.3867	4604.7666	3919.2319	21441.8770	35748.9961	25359.7148	3684.8123	35079.8750	4682.8906	1470.7775	24537.7988	20385.0430	19788.7168	51743.5898	31121.9688	11938.7559	18686.3301	6069.2563	40429.8828	51506.9766	37960.3750	58521.5625	41066.4844	11633.4355	661.8961	9174.8369	7335.4541	33174.1172	6081.9868	28474.1016	6564.9219	4539.7109	50406.9570	36357.1328	18539.9180	13846.7979	15242.2461	4487.1875	66944.2812	11645.7246	45123.5625	50882.5000	50863.3789	50245.8594	
12	8884.3887	160104.3594	52581.4844	16328.8955	94547.2422	10197.9512	113298.7656	57895.6094	14680.5908	45989.4102	36375.9414	22647.5137	103802.2422	13506.9541	134367.8125	119550.1250	74066.0312	37263.4492	65508.3555	136331.8594	158360.2031	140469.2812	7559.9033	17165.0859	79561.3281	33360.6992	50159.3555	13016.9609	114333.7109	21504.7617	67719.4609	67482.9219	16014.1250	157400.1094	13431.7461	29017.6445	88209.5469	37413.2422	58776.1797	13073.2920	5335.4688	118615.7812	7043.8228	146722.5156	134091.3125	
13	38223.2578	75846.7812	11711.6562	2194.3945	29745.0547	27564.3516	38718.6719	10486.5645	21341.7617	10629.9033	2793.0500	14771.9092	34467.3008	10068.9834	70719.3672	48405.2578	22871.0898	13371.4746	13517.9814	53821.2031	73312.0469	55965.3945	43635.5312	26144.0938	20302.8828	3459.6519	15952.1533	4508.6611	50009.8477	2202.8406	37191.5039	14466.5078	2762.6511	72024.9219	29197.9062	11672.7627	25828.8320	11091.0508	10528.6816	52254.4414	4462.9497	62002.4961	37859.3281	71638.0078	69282.4453	
14	35819.4805	50948.5430	9531.9111	10970.3555	66004.9062	20872.7363	57843.0625	23354.6055	75626.3750	5959.4077	27885.9570	69066.8281	38080.6250	55309.3086	27966.9297	32558.2422	13478.5664	67141.9609	30738.9043	88301.3359	52278.4336	61187.2500	48357.0664	84388.6172	43032.0742	10705.5713	3046.1323	10149.6035	23973.6719	36627.1602	3102.7188	30447.8008	10178.4395	52979.5234	18278.1816	63736.4453	30875.0508	61270.7812	30511.6523	49460.9258	26417.8320	20499.6074	39524.7891	38429.2812	28373.7168	
15	96913.7109	16500.8789	17275.8320	43484.6562	71041.3750	71123.8906	48523.2930	32192.3633	142330.9688	16892.6797	52180.0977	124710.6094	26495.1016	110677.6562	2002.7103	11743.4463	10453.2100	110382.9844	37845.7422	79140.6094	18788.2656	38704.5820	117453.9375	154455.1562	46829.0977	30601.5371	11533.7334	45681.5156	4239.8096	75556.4531	5844.2954	36273.5000	42816.0859	20042.5898	65605.3750	111272.2812	25160.9961	101213.2500	41581.8438	117889.5469	74344.0000	394.4795	103384.7891	7610.8730	2270.0874	
;
param DEM_pct:=	#Demand of product 1 at retailer c at time period t
[1,*,*]:	1	2	3	4	5	:=
1	537.0000	569.0000	538.0000	566.0000	517.0000	 
2	475.0000	493.0000	479.0000	534.0000	595.0000	 
3	569.0000	440.0000	500.0000	582.0000	600.0000	 
4	591.0000	417.0000	455.0000	545.0000	401.0000	 
5	543.0000	406.0000	433.0000	542.0000	589.0000	 
6	407.0000	411.0000	515.0000	512.0000	578.0000	 
7	575.0000	546.0000	536.0000	563.0000	570.0000	 
8	551.0000	441.0000	514.0000	472.0000	524.0000	 
9	596.0000	560.0000	586.0000	475.0000	517.0000	 
10	426.0000	400.0000	541.0000	439.0000	581.0000	 
11	464.0000	429.0000	589.0000	438.0000	579.0000	 
12	429.0000	488.0000	572.0000	571.0000	542.0000	 
13	583.0000	559.0000	561.0000	489.0000	525.0000	 
14	586.0000	433.0000	550.0000	481.0000	514.0000	 
15	417.0000	524.0000	564.0000	495.0000	593.0000	 
16	515.0000	464.0000	536.0000	569.0000	551.0000	 
17	420.0000	466.0000	577.0000	576.0000	413.0000	 
18	435.0000	471.0000	439.0000	524.0000	567.0000	 
19	406.0000	573.0000	413.0000	556.0000	481.0000	 
20	489.0000	471.0000	480.0000	576.0000	466.0000	 
21	535.0000	546.0000	464.0000	504.0000	422.0000	 
22	560.0000	489.0000	507.0000	427.0000	544.0000	 
23	530.0000	581.0000	518.0000	597.0000	594.0000	 
24	532.0000	491.0000	564.0000	540.0000	508.0000	 
25	537.0000	581.0000	515.0000	475.0000	529.0000	 
26	519.0000	458.0000	580.0000	441.0000	498.0000	 
27	532.0000	564.0000	500.0000	525.0000	418.0000	 
28	408.0000	446.0000	586.0000	452.0000	432.0000	 
29	518.0000	429.0000	448.0000	535.0000	403.0000	 
30	519.0000	442.0000	444.0000	469.0000	431.0000	 
31	588.0000	485.0000	454.0000	519.0000	436.0000	 
32	463.0000	566.0000	457.0000	430.0000	442.0000	 
33	551.0000	435.0000	552.0000	506.0000	490.0000	 
34	412.0000	575.0000	477.0000	580.0000	577.0000	 
35	562.0000	575.0000	594.0000	491.0000	547.0000	 
36	438.0000	574.0000	425.0000	572.0000	405.0000	 
37	571.0000	555.0000	433.0000	438.0000	563.0000	 
38	498.0000	502.0000	476.0000	533.0000	402.0000	 
39	574.0000	553.0000	443.0000	538.0000	527.0000	 
40	516.0000	490.0000	532.0000	430.0000	507.0000	 
41	560.0000	579.0000	503.0000	424.0000	510.0000	 
42	532.0000	532.0000	548.0000	564.0000	595.0000	 
43	581.0000	419.0000	440.0000	584.0000	404.0000	 
44	530.0000	533.0000	522.0000	551.0000	517.0000	 
45	467.0000	548.0000	538.0000	412.0000	451.0000	 
[2,*,*]:	1	2	3	4	5	:=
1	410.0000	448.0000	481.0000	527.0000	504.0000	 
2	491.0000	413.0000	424.0000	519.0000	579.0000	 
3	526.0000	486.0000	526.0000	498.0000	591.0000	 
4	453.0000	557.0000	523.0000	505.0000	482.0000	 
5	407.0000	453.0000	444.0000	472.0000	511.0000	 
6	499.0000	456.0000	487.0000	470.0000	548.0000	 
7	545.0000	500.0000	534.0000	550.0000	401.0000	 
8	415.0000	502.0000	568.0000	497.0000	429.0000	 
9	565.0000	416.0000	517.0000	405.0000	592.0000	 
10	496.0000	468.0000	563.0000	461.0000	600.0000	 
11	580.0000	448.0000	485.0000	563.0000	514.0000	 
12	474.0000	483.0000	438.0000	571.0000	452.0000	 
13	517.0000	479.0000	562.0000	483.0000	510.0000	 
14	499.0000	439.0000	575.0000	479.0000	495.0000	 
15	484.0000	522.0000	572.0000	525.0000	507.0000	 
16	582.0000	561.0000	449.0000	444.0000	501.0000	 
17	441.0000	409.0000	545.0000	445.0000	484.0000	 
18	507.0000	461.0000	587.0000	512.0000	575.0000	 
19	575.0000	488.0000	533.0000	531.0000	589.0000	 
20	516.0000	448.0000	590.0000	577.0000	415.0000	 
21	500.0000	539.0000	556.0000	439.0000	550.0000	 
22	462.0000	478.0000	416.0000	471.0000	548.0000	 
23	587.0000	471.0000	443.0000	522.0000	401.0000	 
24	581.0000	498.0000	574.0000	577.0000	525.0000	 
25	529.0000	570.0000	525.0000	569.0000	598.0000	 
26	471.0000	465.0000	466.0000	449.0000	455.0000	 
27	473.0000	497.0000	585.0000	514.0000	505.0000	 
28	585.0000	519.0000	490.0000	456.0000	430.0000	 
29	444.0000	503.0000	502.0000	437.0000	477.0000	 
30	566.0000	567.0000	555.0000	424.0000	526.0000	 
31	575.0000	581.0000	488.0000	573.0000	457.0000	 
32	461.0000	510.0000	575.0000	557.0000	465.0000	 
33	506.0000	585.0000	495.0000	430.0000	427.0000	 
34	526.0000	500.0000	518.0000	466.0000	477.0000	 
35	495.0000	572.0000	411.0000	502.0000	539.0000	 
36	575.0000	473.0000	434.0000	551.0000	588.0000	 
37	521.0000	442.0000	599.0000	556.0000	580.0000	 
38	499.0000	563.0000	544.0000	486.0000	464.0000	 
39	467.0000	474.0000	549.0000	460.0000	542.0000	 
40	523.0000	559.0000	562.0000	434.0000	431.0000	 
41	425.0000	468.0000	506.0000	436.0000	411.0000	 
42	562.0000	471.0000	538.0000	533.0000	460.0000	 
43	452.0000	496.0000	402.0000	461.0000	477.0000	 
44	498.0000	418.0000	546.0000	579.0000	598.0000	 
45	508.0000	435.0000	554.0000	481.0000	547.0000	 
[3,*,*]:	1	2	3	4	5	:=
1	431.0000	528.0000	430.0000	555.0000	547.0000	 
2	459.0000	534.0000	571.0000	413.0000	513.0000	 
3	514.0000	597.0000	490.0000	427.0000	580.0000	 
4	467.0000	520.0000	587.0000	465.0000	560.0000	 
5	563.0000	584.0000	430.0000	537.0000	457.0000	 
6	533.0000	568.0000	472.0000	401.0000	440.0000	 
7	466.0000	587.0000	460.0000	473.0000	437.0000	 
8	556.0000	571.0000	475.0000	489.0000	460.0000	 
9	493.0000	455.0000	409.0000	517.0000	457.0000	 
10	435.0000	512.0000	467.0000	409.0000	569.0000	 
11	524.0000	477.0000	504.0000	426.0000	558.0000	 
12	455.0000	412.0000	421.0000	452.0000	403.0000	 
13	560.0000	418.0000	430.0000	544.0000	542.0000	 
14	527.0000	542.0000	537.0000	573.0000	533.0000	 
15	461.0000	463.0000	410.0000	483.0000	451.0000	 
16	499.0000	509.0000	405.0000	462.0000	549.0000	 
17	534.0000	438.0000	562.0000	591.0000	477.0000	 
18	439.0000	482.0000	420.0000	599.0000	534.0000	 
19	478.0000	553.0000	554.0000	524.0000	573.0000	 
20	519.0000	492.0000	570.0000	436.0000	562.0000	 
21	510.0000	558.0000	412.0000	440.0000	495.0000	 
22	475.0000	460.0000	541.0000	528.0000	408.0000	 
23	469.0000	522.0000	582.0000	439.0000	462.0000	 
24	570.0000	513.0000	534.0000	548.0000	559.0000	 
25	479.0000	505.0000	464.0000	405.0000	537.0000	 
26	448.0000	549.0000	526.0000	479.0000	440.0000	 
27	422.0000	438.0000	408.0000	520.0000	546.0000	 
28	582.0000	592.0000	519.0000	428.0000	571.0000	 
29	503.0000	478.0000	521.0000	542.0000	485.0000	 
30	589.0000	412.0000	559.0000	580.0000	562.0000	 
31	443.0000	430.0000	594.0000	528.0000	412.0000	 
32	409.0000	517.0000	471.0000	475.0000	446.0000	 
33	438.0000	514.0000	594.0000	422.0000	513.0000	 
34	458.0000	592.0000	593.0000	597.0000	432.0000	 
35	450.0000	465.0000	469.0000	502.0000	541.0000	 
36	510.0000	578.0000	541.0000	471.0000	483.0000	 
37	593.0000	593.0000	560.0000	500.0000	429.0000	 
38	552.0000	536.0000	422.0000	559.0000	565.0000	 
39	435.0000	595.0000	555.0000	498.0000	420.0000	 
40	510.0000	485.0000	474.0000	578.0000	554.0000	 
41	437.0000	418.0000	469.0000	560.0000	412.0000	 
42	442.0000	434.0000	533.0000	453.0000	499.0000	 
43	462.0000	459.0000	494.0000	427.0000	584.0000	 
44	470.0000	506.0000	450.0000	458.0000	432.0000	 
45	445.0000	482.0000	579.0000	454.0000	414.0000	 
;
param FCW_w:=	#Fixed operating cost for depot w
1	8325.3994
2	10306.4521
3	10249.2539
4	11836.6748
5	9251.9785
6	11803.4229
7	8575.5469
8	11799.4336
9	8784.1455
10	8426.9971
11	11616.4551
12	11210.2373
13	10238.0898
14	8294.5322
15	9084.6875
;
param OFF_ip:	1	2	3	:=	#Off take of raw material i for product p
1	0.50	0.50	0.50	
2	0.50	0.50	0.50	
3	0.50	0.50	0.50	
4	0.50	0.50	0.50	
5	0.50	0.50	0.50	
6	0.50	0.50	0.50	
7	0.50	0.50	0.50	
8	0.50	0.50	0.50	
9	0.50	0.50	0.50	
10	0.50	0.50	0.50	
;
param PS_m:=	#Storage capacity at manufacturer m
1	222297.0000
2	110260.0000
3	243964.0000
;
param PS_w:=	#Storage capacity at depot w
1	123495.0000
2	88159.0000
3	85278.0000
4	232601.0000
5	246204.0000
6	155622.0000
7	105293.0000
8	124026.0000
9	242135.0000
10	213105.0000
11	171906.0000
12	220277.0000
13	104493.0000
14	92586.0000
15	159675.0000
;
param PS_h:=	#Storage capacity in hybrid facility h
1	239665.0000
2	205727.0000
3	198954.0000
4	143269.0000
5	193502.0000
6	110753.0000
7	165744.0000
8	85072.0000
9	172429.0000
10	138751.0000
;
param W_p:=	#Weight of product p
1	1.00
2	1.00
3	1.00
;
param B_p:=	#Disposal rate of product p (rand [0,1])
1	  0.0400
2	  0.0400
3	  0.0400
;
param CI_ph:	1	2	3	4	5	6	7	8	9	10	:=	#Inventory holding cost per unit of product p at hybrid facility h
1	3	3	3	3	3	3	3	3	3	3	 
2	3	3	3	3	3	3	3	3	3	3	 
3	3	3	3	3	3	3	3	3	3	3	 
;
param CT_mw:=	#Cost of transportation/unit weight from manufacturer m to depot w
[1,*,*]:1	2	3	4	5	6	7	8	9	10	11	12	13	14	15	:=
1	35545.5469	83791.1094	26473.9180	95435.3438	56000.3750	44229.4922	80749.2188	9279.6406	63083.0703	34482.5312	27907.0547	63083.7344	35672.6484	2301.5811	7705.1987	 
2	47725.1172	94200.7656	6526.5713	121223.1719	52560.6367	20413.5781	86796.0312	33847.1094	43117.8789	63487.9609	44521.9336	115613.7812	60929.7109	19022.7168	223.0134	 
3	618.2084	14044.0898	31286.2617	23654.8594	6587.5879	27749.9414	12714.2686	17709.2598	20860.8574	10443.0928	1669.3229	48756.0820	6899.0415	20158.1328	33379.6797	 
[2,*,*]:1	2	3	4	5	6	7	8	9	10	11	12	13	14	15	:=
1	35545.5469	83791.1094	26473.9180	95435.3438	56000.3750	44229.4922	80749.2188	9279.6406	63083.0703	34482.5312	27907.0547	63083.7344	35672.6484	2301.5811	7705.1987	 
2	47725.1172	94200.7656	6526.5713	121223.1719	52560.6367	20413.5781	86796.0312	33847.1094	43117.8789	63487.9609	44521.9336	115613.7812	60929.7109	19022.7168	223.0134	 
3	618.2084	14044.0898	31286.2617	23654.8594	6587.5879	27749.9414	12714.2686	17709.2598	20860.8574	10443.0928	1669.3229	48756.0820	6899.0415	20158.1328	33379.6797	 
[3,*,*]:1	2	3	4	5	6	7	8	9	10	11	12	13	14	15	:=
1	35545.5469	83791.1094	26473.9180	95435.3438	56000.3750	44229.4922	80749.2188	9279.6406	63083.0703	34482.5312	27907.0547	63083.7344	35672.6484	2301.5811	7705.1987	 
2	47725.1172	94200.7656	6526.5713	121223.1719	52560.6367	20413.5781	86796.0312	33847.1094	43117.8789	63487.9609	44521.9336	115613.7812	60929.7109	19022.7168	223.0134	 
3	618.2084	14044.0898	31286.2617	23654.8594	6587.5879	27749.9414	12714.2686	17709.2598	20860.8574	10443.0928	1669.3229	48756.0820	6899.0415	20158.1328	33379.6797	 
;
param CT_hc:=	#Cost of transportation/unit weight from hybrid facility h, to retailer c
[1,*,*]:1	2	3	4	5	6	7	8	9	10	11	12	13	14	15	16	17	18	19	20	21	22	23	24	25	26	27	28	29	30	31	32	33	34	35	36	37	38	39	40	41	42	43	44	45	:=
1	147862.3125	1129.7100	19680.2266	58469.8438	36381.5977	116107.9688	16283.5566	22038.9570	147321.3125	24429.7109	45025.0117	119669.1328	6168.3823	113539.3047	10394.5137	575.7847	9593.5596	94575.1562	22204.5742	33218.7344	805.0090	7055.2866	169238.3906	158926.4062	23229.1680	35530.4766	24269.8945	66223.8203	3225.9011	73260.8047	32446.6641	20587.6094	59137.7344	770.4746	111746.9375	100892.9141	8864.4492	85649.5859	27045.0742	175835.0156	91428.1641	12970.3164	153175.6250	3011.0193	8875.4980	 
2	158737.6094	173.9035	25820.8613	68427.9844	47908.1016	125386.5391	24018.4219	30480.4316	166997.5156	30490.6875	56637.4961	138358.4375	11429.8516	130878.3359	7582.8276	2163.3911	13715.8350	112079.3516	31128.6641	43215.9922	500.5746	11578.4707	181872.0156	179482.7969	32663.9336	44137.0156	28906.5879	75992.6328	3418.3403	87547.2891	33468.5859	29215.7227	68907.7578	806.5643	120145.1953	118531.0078	14860.3877	102333.2969	36727.7188	187308.6562	104693.0156	10865.1494	164893.8438	1162.8185	6321.2856	 
3	14273.2236	85087.1016	19279.4824	6360.9668	77940.5312	5619.0796	77931.2031	32695.5586	51674.6211	13797.5176	28352.4863	51602.4570	59255.4961	37865.1328	56851.1484	58842.3320	29429.7910	56943.7109	41163.0117	108535.9375	85915.7500	88778.4844	22228.4414	58526.8711	55483.4062	13473.0352	12190.0732	3721.4189	49464.7109	28655.7480	15286.0420	41603.9453	5475.4707	86323.3906	4673.4385	50992.6133	48628.6250	52951.1016	38654.3398	23606.9121	12975.0156	45966.9336	16419.9121	70309.5156	57368.4844	 
4	20590.4668	180809.9062	64722.9180	24297.6230	92914.5859	23548.2441	117956.7266	64624.1367	5980.6240	58994.2188	38566.1641	14050.7871	114050.7500	8163.5938	161401.2188	136874.3438	88901.0469	28974.9062	70690.8828	135475.3906	177669.0156	150245.6719	16630.5410	7010.9624	82798.3047	42000.7227	66144.4609	22082.0234	135305.5312	20203.4062	91364.9766	73122.8672	24469.9785	175989.8125	28328.2480	21300.3398	97886.8594	30445.7129	62928.7812	24848.3828	8423.8076	145143.9375	17262.2578	170376.5000	160464.1562	 
5	10727.6377	96421.3906	26135.4902	10197.8818	91614.6172	3478.2275	91589.5625	41802.1836	56318.2109	19626.1953	36457.2930	58396.6250	70815.0938	43230.6992	63614.7656	69009.5859	37197.4219	66061.6484	51318.4297	124676.9297	97696.5938	102718.4688	18294.4199	63165.4805	67183.4922	19510.9980	17145.8457	6458.9087	57754.1250	35444.6602	17890.8105	51805.3594	9065.7793	98322.2031	2408.5671	58996.7773	59282.0547	62122.1289	48491.8672	18572.5996	15974.9209	51796.7773	13003.0713	79578.3750	64460.9766	 
6	48060.0273	85456.5156	17822.9492	6922.3120	24850.4648	37863.7070	37661.8594	12437.2783	15606.9639	17661.2402	2363.7524	8274.9053	37621.0156	6101.7686	85937.0938	56403.1133	30273.3496	6170.6567	14124.6172	48452.9492	81899.6875	57918.2695	52016.0312	19525.4492	19131.8301	7752.0181	25133.7422	10326.1826	60949.9688	151.6093	51941.1836	15334.1270	7881.8999	80090.8984	40486.6680	5247.2109	28982.2832	4674.5200	10629.9316	62704.4141	6539.2529	77270.7188	46740.5547	83836.1250	83971.6250	 
7	103809.1172	31028.4258	9208.2236	25733.6797	4429.3872	81494.3203	3742.3230	1797.0814	65521.3945	13444.8145	7639.5347	44853.2148	4417.1543	44360.2500	45703.6016	16398.0332	10279.1230	27913.9336	430.4390	11312.6045	27767.0039	11220.3867	115828.8672	72612.7266	223.5397	11691.9551	19799.2480	33471.9961	24512.3184	20996.3984	44387.3203	371.0168	27144.2344	26183.3164	81532.0547	32547.2012	2538.0745	23239.3496	1099.7853	127381.7656	41000.9297	43822.6992	104919.4844	35629.9766	43160.3477	 
8	24434.1855	188390.7656	69542.7891	27703.4941	94445.6719	27966.8086	121244.3203	68116.3828	4795.0088	63970.9570	40707.9531	13070.6934	118728.1250	7975.2314	170374.7812	143414.5312	94548.4922	28271.8301	73837.2812	137426.0312	184896.2969	154986.6562	19705.9219	5418.6006	85527.9688	45775.0000	71882.2734	25703.9258	142710.6719	21261.4375	99050.2188	76400.8672	27991.7090	183034.0312	33168.6836	20665.3906	102330.1797	30116.1328	65761.2656	28589.0820	10397.1836	153899.6250	20700.8574	178611.6094	169280.1562	 
9	790.4845	183307.0156	69959.9922	28798.1270	137254.0000	4570.7598	152104.6250	84166.6094	39379.3906	60295.6406	62954.0391	52604.7461	133982.2812	37931.6328	142375.0938	141940.7188	92046.7578	72781.8594	95323.8281	184666.6875	183525.3750	176829.6875	122.7506	42744.3164	114393.6250	50864.4922	60475.8242	22092.4922	129838.0859	46970.1406	67515.2109	97131.3672	27574.0449	183546.1719	6548.3970	61429.2031	116497.8594	72252.0078	88437.3047	1253.0337	18729.6562	124622.5469	181.8160	163003.9375	143317.9844	 
10	84640.7266	131291.4219	50268.7891	33240.8086	29125.7715	76757.0234	53336.2656	34015.6562	11358.4023	52156.8125	16197.9219	3195.3936	64412.7188	7589.9448	145394.4375	96667.2109	67165.5078	549.3546	32406.9395	52966.2305	124993.9297	82728.3125	84008.0781	12645.9209	33159.8789	34244.3672	65439.4727	39150.3984	108708.2656	8285.7354	107231.8906	34423.0352	35199.2500	121779.7031	82238.7109	1187.5380	55168.5234	1420.3076	27197.6348	100114.7266	24416.0488	136255.0781	80566.3516	135988.0000	142077.0938	 
[2,*,*]:1	2	3	4	5	6	7	8	9	10	11	12	13	14	15	16	17	18	19	20	21	22	23	24	25	26	27	28	29	30	31	32	33	34	35	36	37	38	39	40	41	42	43	44	45	:=
1	147862.3125	1129.7100	19680.2266	58469.8438	36381.5977	116107.9688	16283.5566	22038.9570	147321.3125	24429.7109	45025.0117	119669.1328	6168.3823	113539.3047	10394.5137	575.7847	9593.5596	94575.1562	22204.5742	33218.7344	805.0090	7055.2866	169238.3906	158926.4062	23229.1680	35530.4766	24269.8945	66223.8203	3225.9011	73260.8047	32446.6641	20587.6094	59137.7344	770.4746	111746.9375	100892.9141	8864.4492	85649.5859	27045.0742	175835.0156	91428.1641	12970.3164	153175.6250	3011.0193	8875.4980	 
2	158737.6094	173.9035	25820.8613	68427.9844	47908.1016	125386.5391	24018.4219	30480.4316	166997.5156	30490.6875	56637.4961	138358.4375	11429.8516	130878.3359	7582.8276	2163.3911	13715.8350	112079.3516	31128.6641	43215.9922	500.5746	11578.4707	181872.0156	179482.7969	32663.9336	44137.0156	28906.5879	75992.6328	3418.3403	87547.2891	33468.5859	29215.7227	68907.7578	806.5643	120145.1953	118531.0078	14860.3877	102333.2969	36727.7188	187308.6562	104693.0156	10865.1494	164893.8438	1162.8185	6321.2856	 
3	14273.2236	85087.1016	19279.4824	6360.9668	77940.5312	5619.0796	77931.2031	32695.5586	51674.6211	13797.5176	28352.4863	51602.4570	59255.4961	37865.1328	56851.1484	58842.3320	29429.7910	56943.7109	41163.0117	108535.9375	85915.7500	88778.4844	22228.4414	58526.8711	55483.4062	13473.0352	12190.0732	3721.4189	49464.7109	28655.7480	15286.0420	41603.9453	5475.4707	86323.3906	4673.4385	50992.6133	48628.6250	52951.1016	38654.3398	23606.9121	12975.0156	45966.9336	16419.9121	70309.5156	57368.4844	 
4	20590.4668	180809.9062	64722.9180	24297.6230	92914.5859	23548.2441	117956.7266	64624.1367	5980.6240	58994.2188	38566.1641	14050.7871	114050.7500	8163.5938	161401.2188	136874.3438	88901.0469	28974.9062	70690.8828	135475.3906	177669.0156	150245.6719	16630.5410	7010.9624	82798.3047	42000.7227	66144.4609	22082.0234	135305.5312	20203.4062	91364.9766	73122.8672	24469.9785	175989.8125	28328.2480	21300.3398	97886.8594	30445.7129	62928.7812	24848.3828	8423.8076	145143.9375	17262.2578	170376.5000	160464.1562	 
5	10727.6377	96421.3906	26135.4902	10197.8818	91614.6172	3478.2275	91589.5625	41802.1836	56318.2109	19626.1953	36457.2930	58396.6250	70815.0938	43230.6992	63614.7656	69009.5859	37197.4219	66061.6484	51318.4297	124676.9297	97696.5938	102718.4688	18294.4199	63165.4805	67183.4922	19510.9980	17145.8457	6458.9087	57754.1250	35444.6602	17890.8105	51805.3594	9065.7793	98322.2031	2408.5671	58996.7773	59282.0547	62122.1289	48491.8672	18572.5996	15974.9209	51796.7773	13003.0713	79578.3750	64460.9766	 
6	48060.0273	85456.5156	17822.9492	6922.3120	24850.4648	37863.7070	37661.8594	12437.2783	15606.9639	17661.2402	2363.7524	8274.9053	37621.0156	6101.7686	85937.0938	56403.1133	30273.3496	6170.6567	14124.6172	48452.9492	81899.6875	57918.2695	52016.0312	19525.4492	19131.8301	7752.0181	25133.7422	10326.1826	60949.9688	151.6093	51941.1836	15334.1270	7881.8999	80090.8984	40486.6680	5247.2109	28982.2832	4674.5200	10629.9316	62704.4141	6539.2529	77270.7188	46740.5547	83836.1250	83971.6250	 
7	103809.1172	31028.4258	9208.2236	25733.6797	4429.3872	81494.3203	3742.3230	1797.0814	65521.3945	13444.8145	7639.5347	44853.2148	4417.1543	44360.2500	45703.6016	16398.0332	10279.1230	27913.9336	430.4390	11312.6045	27767.0039	11220.3867	115828.8672	72612.7266	223.5397	11691.9551	19799.2480	33471.9961	24512.3184	20996.3984	44387.3203	371.0168	27144.2344	26183.3164	81532.0547	32547.2012	2538.0745	23239.3496	1099.7853	127381.7656	41000.9297	43822.6992	104919.4844	35629.9766	43160.3477	 
8	24434.1855	188390.7656	69542.7891	27703.4941	94445.6719	27966.8086	121244.3203	68116.3828	4795.0088	63970.9570	40707.9531	13070.6934	118728.1250	7975.2314	170374.7812	143414.5312	94548.4922	28271.8301	73837.2812	137426.0312	184896.2969	154986.6562	19705.9219	5418.6006	85527.9688	45775.0000	71882.2734	25703.9258	142710.6719	21261.4375	99050.2188	76400.8672	27991.7090	183034.0312	33168.6836	20665.3906	102330.1797	30116.1328	65761.2656	28589.0820	10397.1836	153899.6250	20700.8574	178611.6094	169280.1562	 
9	790.4845	183307.0156	69959.9922	28798.1270	137254.0000	4570.7598	152104.6250	84166.6094	39379.3906	60295.6406	62954.0391	52604.7461	133982.2812	37931.6328	142375.0938	141940.7188	92046.7578	72781.8594	95323.8281	184666.6875	183525.3750	176829.6875	122.7506	42744.3164	114393.6250	50864.4922	60475.8242	22092.4922	129838.0859	46970.1406	67515.2109	97131.3672	27574.0449	183546.1719	6548.3970	61429.2031	116497.8594	72252.0078	88437.3047	1253.0337	18729.6562	124622.5469	181.8160	163003.9375	143317.9844	 
10	84640.7266	131291.4219	50268.7891	33240.8086	29125.7715	76757.0234	53336.2656	34015.6562	11358.4023	52156.8125	16197.9219	3195.3936	64412.7188	7589.9448	145394.4375	96667.2109	67165.5078	549.3546	32406.9395	52966.2305	124993.9297	82728.3125	84008.0781	12645.9209	33159.8789	34244.3672	65439.4727	39150.3984	108708.2656	8285.7354	107231.8906	34423.0352	35199.2500	121779.7031	82238.7109	1187.5380	55168.5234	1420.3076	27197.6348	100114.7266	24416.0488	136255.0781	80566.3516	135988.0000	142077.0938	 
[3,*,*]:1	2	3	4	5	6	7	8	9	10	11	12	13	14	15	16	17	18	19	20	21	22	23	24	25	26	27	28	29	30	31	32	33	34	35	36	37	38	39	40	41	42	43	44	45	:=
1	147862.3125	1129.7100	19680.2266	58469.8438	36381.5977	116107.9688	16283.5566	22038.9570	147321.3125	24429.7109	45025.0117	119669.1328	6168.3823	113539.3047	10394.5137	575.7847	9593.5596	94575.1562	22204.5742	33218.7344	805.0090	7055.2866	169238.3906	158926.4062	23229.1680	35530.4766	24269.8945	66223.8203	3225.9011	73260.8047	32446.6641	20587.6094	59137.7344	770.4746	111746.9375	100892.9141	8864.4492	85649.5859	27045.0742	175835.0156	91428.1641	12970.3164	153175.6250	3011.0193	8875.4980	 
2	158737.6094	173.9035	25820.8613	68427.9844	47908.1016	125386.5391	24018.4219	30480.4316	166997.5156	30490.6875	56637.4961	138358.4375	11429.8516	130878.3359	7582.8276	2163.3911	13715.8350	112079.3516	31128.6641	43215.9922	500.5746	11578.4707	181872.0156	179482.7969	32663.9336	44137.0156	28906.5879	75992.6328	3418.3403	87547.2891	33468.5859	29215.7227	68907.7578	806.5643	120145.1953	118531.0078	14860.3877	102333.2969	36727.7188	187308.6562	104693.0156	10865.1494	164893.8438	1162.8185	6321.2856	 
3	14273.2236	85087.1016	19279.4824	6360.9668	77940.5312	5619.0796	77931.2031	32695.5586	51674.6211	13797.5176	28352.4863	51602.4570	59255.4961	37865.1328	56851.1484	58842.3320	29429.7910	56943.7109	41163.0117	108535.9375	85915.7500	88778.4844	22228.4414	58526.8711	55483.4062	13473.0352	12190.0732	3721.4189	49464.7109	28655.7480	15286.0420	41603.9453	5475.4707	86323.3906	4673.4385	50992.6133	48628.6250	52951.1016	38654.3398	23606.9121	12975.0156	45966.9336	16419.9121	70309.5156	57368.4844	 
4	20590.4668	180809.9062	64722.9180	24297.6230	92914.5859	23548.2441	117956.7266	64624.1367	5980.6240	58994.2188	38566.1641	14050.7871	114050.7500	8163.5938	161401.2188	136874.3438	88901.0469	28974.9062	70690.8828	135475.3906	177669.0156	150245.6719	16630.5410	7010.9624	82798.3047	42000.7227	66144.4609	22082.0234	135305.5312	20203.4062	91364.9766	73122.8672	24469.9785	175989.8125	28328.2480	21300.3398	97886.8594	30445.7129	62928.7812	24848.3828	8423.8076	145143.9375	17262.2578	170376.5000	160464.1562	 
5	10727.6377	96421.3906	26135.4902	10197.8818	91614.6172	3478.2275	91589.5625	41802.1836	56318.2109	19626.1953	36457.2930	58396.6250	70815.0938	43230.6992	63614.7656	69009.5859	37197.4219	66061.6484	51318.4297	124676.9297	97696.5938	102718.4688	18294.4199	63165.4805	67183.4922	19510.9980	17145.8457	6458.9087	57754.1250	35444.6602	17890.8105	51805.3594	9065.7793	98322.2031	2408.5671	58996.7773	59282.0547	62122.1289	48491.8672	18572.5996	15974.9209	51796.7773	13003.0713	79578.3750	64460.9766	 
6	48060.0273	85456.5156	17822.9492	6922.3120	24850.4648	37863.7070	37661.8594	12437.2783	15606.9639	17661.2402	2363.7524	8274.9053	37621.0156	6101.7686	85937.0938	56403.1133	30273.3496	6170.6567	14124.6172	48452.9492	81899.6875	57918.2695	52016.0312	19525.4492	19131.8301	7752.0181	25133.7422	10326.1826	60949.9688	151.6093	51941.1836	15334.1270	7881.8999	80090.8984	40486.6680	5247.2109	28982.2832	4674.5200	10629.9316	62704.4141	6539.2529	77270.7188	46740.5547	83836.1250	83971.6250	 
7	103809.1172	31028.4258	9208.2236	25733.6797	4429.3872	81494.3203	3742.3230	1797.0814	65521.3945	13444.8145	7639.5347	44853.2148	4417.1543	44360.2500	45703.6016	16398.0332	10279.1230	27913.9336	430.4390	11312.6045	27767.0039	11220.3867	115828.8672	72612.7266	223.5397	11691.9551	19799.2480	33471.9961	24512.3184	20996.3984	44387.3203	371.0168	27144.2344	26183.3164	81532.0547	32547.2012	2538.0745	23239.3496	1099.7853	127381.7656	41000.9297	43822.6992	104919.4844	35629.9766	43160.3477	 
8	24434.1855	188390.7656	69542.7891	27703.4941	94445.6719	27966.8086	121244.3203	68116.3828	4795.0088	63970.9570	40707.9531	13070.6934	118728.1250	7975.2314	170374.7812	143414.5312	94548.4922	28271.8301	73837.2812	137426.0312	184896.2969	154986.6562	19705.9219	5418.6006	85527.9688	45775.0000	71882.2734	25703.9258	142710.6719	21261.4375	99050.2188	76400.8672	27991.7090	183034.0312	33168.6836	20665.3906	102330.1797	30116.1328	65761.2656	28589.0820	10397.1836	153899.6250	20700.8574	178611.6094	169280.1562	 
9	790.4845	183307.0156	69959.9922	28798.1270	137254.0000	4570.7598	152104.6250	84166.6094	39379.3906	60295.6406	62954.0391	52604.7461	133982.2812	37931.6328	142375.0938	141940.7188	92046.7578	72781.8594	95323.8281	184666.6875	183525.3750	176829.6875	122.7506	42744.3164	114393.6250	50864.4922	60475.8242	22092.4922	129838.0859	46970.1406	67515.2109	97131.3672	27574.0449	183546.1719	6548.3970	61429.2031	116497.8594	72252.0078	88437.3047	1253.0337	18729.6562	124622.5469	181.8160	163003.9375	143317.9844	 
10	84640.7266	131291.4219	50268.7891	33240.8086	29125.7715	76757.0234	53336.2656	34015.6562	11358.4023	52156.8125	16197.9219	3195.3936	64412.7188	7589.9448	145394.4375	96667.2109	67165.5078	549.3546	32406.9395	52966.2305	124993.9297	82728.3125	84008.0781	12645.9209	33159.8789	34244.3672	65439.4727	39150.3984	108708.2656	8285.7354	107231.8906	34423.0352	35199.2500	121779.7031	82238.7109	1187.5380	55168.5234	1420.3076	27197.6348	100114.7266	24416.0488	136255.0781	80566.3516	135988.0000	142077.0938	 
;
param CT_ch:=	#Cost of transportation/unit weight from retailer c to hybrid facility h
[1,*,*]:1	2	3	4	5	6	7	8	9	10	:=
1	147862.3125	158737.6094	14273.2236	20590.4668	10727.6377	48060.0273	103809.1172	24434.1855	790.4845	84640.7266	 
2	1129.7100	173.9035	85087.1016	180809.9062	96421.3906	85456.5156	31028.4258	188390.7656	183307.0156	131291.4219	 
3	19680.2266	25820.8613	19279.4824	64722.9180	26135.4902	17822.9492	9208.2236	69542.7891	69959.9922	50268.7891	 
4	58469.8438	68427.9844	6360.9668	24297.6230	10197.8818	6922.3120	25733.6797	27703.4941	28798.1270	33240.8086	 
5	36381.5977	47908.1016	77940.5312	92914.5859	91614.6172	24850.4648	4429.3872	94445.6719	137254.0000	29125.7715	 
6	116107.9688	125386.5391	5619.0796	23548.2441	3478.2275	37863.7070	81494.3203	27966.8086	4570.7598	76757.0234	 
7	16283.5566	24018.4219	77931.2031	117956.7266	91589.5625	37661.8594	3742.3230	121244.3203	152104.6250	53336.2656	 
8	22038.9570	30480.4316	32695.5586	64624.1367	41802.1836	12437.2783	1797.0814	68116.3828	84166.6094	34015.6562	 
9	147321.3125	166997.5156	51674.6211	5980.6240	56318.2109	15606.9639	65521.3945	4795.0088	39379.3906	11358.4023	 
10	24429.7109	30490.6875	13797.5176	58994.2188	19626.1953	17661.2402	13444.8145	63970.9570	60295.6406	52156.8125	 
11	45025.0117	56637.4961	28352.4863	38566.1641	36457.2930	2363.7524	7639.5347	40707.9531	62954.0391	16197.9219	 
12	119669.1328	138358.4375	51602.4570	14050.7871	58396.6250	8274.9053	44853.2148	13070.6934	52604.7461	3195.3936	 
13	6168.3823	11429.8516	59255.4961	114050.7500	70815.0938	37621.0156	4417.1543	118728.1250	133982.2812	64412.7188	 
14	113539.3047	130878.3359	37865.1328	8163.5938	43230.6992	6101.7686	44360.2500	7975.2314	37931.6328	7589.9448	 
15	10394.5137	7582.8276	56851.1484	161401.2188	63614.7656	85937.0938	45703.6016	170374.7812	142375.0938	145394.4375	 
16	575.7847	2163.3911	58842.3320	136874.3438	69009.5859	56403.1133	16398.0332	143414.5312	141940.7188	96667.2109	 
17	9593.5596	13715.8350	29429.7910	88901.0469	37197.4219	30273.3496	10279.1230	94548.4922	92046.7578	67165.5078	 
18	94575.1562	112079.3516	56943.7109	28974.9062	66061.6484	6170.6567	27913.9336	28271.8301	72781.8594	549.3546	 
19	22204.5742	31128.6641	41163.0117	70690.8828	51318.4297	14124.6172	430.4390	73837.2812	95323.8281	32406.9395	 
20	33218.7344	43215.9922	108535.9375	135475.3906	124676.9297	48452.9492	11312.6045	137426.0312	184666.6875	52966.2305	 
21	805.0090	500.5746	85915.7500	177669.0156	97696.5938	81899.6875	27767.0039	184896.2969	183525.3750	124993.9297	 
22	7055.2866	11578.4707	88778.4844	150245.6719	102718.4688	57918.2695	11220.3867	154986.6562	176829.6875	82728.3125	 
23	169238.3906	181872.0156	22228.4414	16630.5410	18294.4199	52016.0312	115828.8672	19705.9219	122.7506	84008.0781	 
24	158926.4062	179482.7969	58526.8711	7010.9624	63165.4805	19525.4492	72612.7266	5418.6006	42744.3164	12645.9209	 
25	23229.1680	32663.9336	55483.4062	82798.3047	67183.4922	19131.8301	223.5397	85527.9688	114393.6250	33159.8789	 
26	35530.4766	44137.0156	13473.0352	42000.7227	19510.9980	7752.0181	11691.9551	45775.0000	50864.4922	34244.3672	 
27	24269.8945	28906.5879	12190.0732	66144.4609	17145.8457	25133.7422	19799.2480	71882.2734	60475.8242	65439.4727	 
28	66223.8203	75992.6328	3721.4189	22082.0234	6458.9087	10326.1826	33471.9961	25703.9258	22092.4922	39150.3984	 
29	3225.9011	3418.3403	49464.7109	135305.5312	57754.1250	60949.9688	24512.3184	142710.6719	129838.0859	108708.2656	 
30	73260.8047	87547.2891	28655.7480	20203.4062	35444.6602	151.6093	20996.3984	21261.4375	46970.1406	8285.7354	 
31	32446.6641	33468.5859	15286.0420	91364.9766	17890.8105	51941.1836	44387.3203	99050.2188	67515.2109	107231.8906	 
32	20587.6094	29215.7227	41603.9453	73122.8672	51805.3594	15334.1270	371.0168	76400.8672	97131.3672	34423.0352	 
33	59137.7344	68907.7578	5475.4707	24469.9785	9065.7793	7881.8999	27144.2344	27991.7090	27574.0449	35199.2500	 
34	770.4746	806.5643	86323.3906	175989.8125	98322.2031	80090.8984	26183.3164	183034.0312	183546.1719	121779.7031	 
35	111746.9375	120145.1953	4673.4385	28328.2480	2408.5671	40486.6680	81532.0547	33168.6836	6548.3970	82238.7109	 
36	100892.9141	118531.0078	50992.6133	21300.3398	58996.7773	5247.2109	32547.2012	20665.3906	61429.2031	1187.5380	 
37	8864.4492	14860.3877	48628.6250	97886.8594	59282.0547	28982.2832	2538.0745	102330.1797	116497.8594	55168.5234	 
38	85649.5859	102333.2969	52951.1016	30445.7129	62122.1289	4674.5200	23239.3496	30116.1328	72252.0078	1420.3076	 
39	27045.0742	36727.7188	38654.3398	62928.7812	48491.8672	10629.9316	1099.7853	65761.2656	88437.3047	27197.6348	 
40	175835.0156	187308.6562	23606.9121	24848.3828	18572.5996	62704.4141	127381.7656	28589.0820	1253.0337	100114.7266	 
41	91428.1641	104693.0156	12975.0156	8423.8076	15974.9209	6539.2529	41000.9297	10397.1836	18729.6562	24416.0488	 
42	12970.3164	10865.1494	45966.9336	145143.9375	51796.7773	77270.7188	43822.6992	153899.6250	124622.5469	136255.0781	 
43	153175.6250	164893.8438	16419.9121	17262.2578	13003.0713	46740.5547	104919.4844	20700.8574	181.8160	80566.3516	 
44	3011.0193	1162.8185	70309.5156	170376.5000	79578.3750	83836.1250	35629.9766	178611.6094	163003.9375	135988.0000	 
45	8875.4980	6321.2856	57368.4844	160464.1562	64460.9766	83971.6250	43160.3477	169280.1562	143317.9844	142077.0938	 
[2,*,*]:1	2	3	4	5	6	7	8	9	10	:=
1	147862.3125	158737.6094	14273.2236	20590.4668	10727.6377	48060.0273	103809.1172	24434.1855	790.4845	84640.7266	 
2	1129.7100	173.9035	85087.1016	180809.9062	96421.3906	85456.5156	31028.4258	188390.7656	183307.0156	131291.4219	 
3	19680.2266	25820.8613	19279.4824	64722.9180	26135.4902	17822.9492	9208.2236	69542.7891	69959.9922	50268.7891	 
4	58469.8438	68427.9844	6360.9668	24297.6230	10197.8818	6922.3120	25733.6797	27703.4941	28798.1270	33240.8086	 
5	36381.5977	47908.1016	77940.5312	92914.5859	91614.6172	24850.4648	4429.3872	94445.6719	137254.0000	29125.7715	 
6	116107.9688	125386.5391	5619.0796	23548.2441	3478.2275	37863.7070	81494.3203	27966.8086	4570.7598	76757.0234	 
7	16283.5566	24018.4219	77931.2031	117956.7266	91589.5625	37661.8594	3742.3230	121244.3203	152104.6250	53336.2656	 
8	22038.9570	30480.4316	32695.5586	64624.1367	41802.1836	12437.2783	1797.0814	68116.3828	84166.6094	34015.6562	 
9	147321.3125	166997.5156	51674.6211	5980.6240	56318.2109	15606.9639	65521.3945	4795.0088	39379.3906	11358.4023	 
10	24429.7109	30490.6875	13797.5176	58994.2188	19626.1953	17661.2402	13444.8145	63970.9570	60295.6406	52156.8125	 
11	45025.0117	56637.4961	28352.4863	38566.1641	36457.2930	2363.7524	7639.5347	40707.9531	62954.0391	16197.9219	 
12	119669.1328	138358.4375	51602.4570	14050.7871	58396.6250	8274.9053	44853.2148	13070.6934	52604.7461	3195.3936	 
13	6168.3823	11429.8516	59255.4961	114050.7500	70815.0938	37621.0156	4417.1543	118728.1250	133982.2812	64412.7188	 
14	113539.3047	130878.3359	37865.1328	8163.5938	43230.6992	6101.7686	44360.2500	7975.2314	37931.6328	7589.9448	 
15	10394.5137	7582.8276	56851.1484	161401.2188	63614.7656	85937.0938	45703.6016	170374.7812	142375.0938	145394.4375	 
16	575.7847	2163.3911	58842.3320	136874.3438	69009.5859	56403.1133	16398.0332	143414.5312	141940.7188	96667.2109	 
17	9593.5596	13715.8350	29429.7910	88901.0469	37197.4219	30273.3496	10279.1230	94548.4922	92046.7578	67165.5078	 
18	94575.1562	112079.3516	56943.7109	28974.9062	66061.6484	6170.6567	27913.9336	28271.8301	72781.8594	549.3546	 
19	22204.5742	31128.6641	41163.0117	70690.8828	51318.4297	14124.6172	430.4390	73837.2812	95323.8281	32406.9395	 
20	33218.7344	43215.9922	108535.9375	135475.3906	124676.9297	48452.9492	11312.6045	137426.0312	184666.6875	52966.2305	 
21	805.0090	500.5746	85915.7500	177669.0156	97696.5938	81899.6875	27767.0039	184896.2969	183525.3750	124993.9297	 
22	7055.2866	11578.4707	88778.4844	150245.6719	102718.4688	57918.2695	11220.3867	154986.6562	176829.6875	82728.3125	 
23	169238.3906	181872.0156	22228.4414	16630.5410	18294.4199	52016.0312	115828.8672	19705.9219	122.7506	84008.0781	 
24	158926.4062	179482.7969	58526.8711	7010.9624	63165.4805	19525.4492	72612.7266	5418.6006	42744.3164	12645.9209	 
25	23229.1680	32663.9336	55483.4062	82798.3047	67183.4922	19131.8301	223.5397	85527.9688	114393.6250	33159.8789	 
26	35530.4766	44137.0156	13473.0352	42000.7227	19510.9980	7752.0181	11691.9551	45775.0000	50864.4922	34244.3672	 
27	24269.8945	28906.5879	12190.0732	66144.4609	17145.8457	25133.7422	19799.2480	71882.2734	60475.8242	65439.4727	 
28	66223.8203	75992.6328	3721.4189	22082.0234	6458.9087	10326.1826	33471.9961	25703.9258	22092.4922	39150.3984	 
29	3225.9011	3418.3403	49464.7109	135305.5312	57754.1250	60949.9688	24512.3184	142710.6719	129838.0859	108708.2656	 
30	73260.8047	87547.2891	28655.7480	20203.4062	35444.6602	151.6093	20996.3984	21261.4375	46970.1406	8285.7354	 
31	32446.6641	33468.5859	15286.0420	91364.9766	17890.8105	51941.1836	44387.3203	99050.2188	67515.2109	107231.8906	 
32	20587.6094	29215.7227	41603.9453	73122.8672	51805.3594	15334.1270	371.0168	76400.8672	97131.3672	34423.0352	 
33	59137.7344	68907.7578	5475.4707	24469.9785	9065.7793	7881.8999	27144.2344	27991.7090	27574.0449	35199.2500	 
34	770.4746	806.5643	86323.3906	175989.8125	98322.2031	80090.8984	26183.3164	183034.0312	183546.1719	121779.7031	 
35	111746.9375	120145.1953	4673.4385	28328.2480	2408.5671	40486.6680	81532.0547	33168.6836	6548.3970	82238.7109	 
36	100892.9141	118531.0078	50992.6133	21300.3398	58996.7773	5247.2109	32547.2012	20665.3906	61429.2031	1187.5380	 
37	8864.4492	14860.3877	48628.6250	97886.8594	59282.0547	28982.2832	2538.0745	102330.1797	116497.8594	55168.5234	 
38	85649.5859	102333.2969	52951.1016	30445.7129	62122.1289	4674.5200	23239.3496	30116.1328	72252.0078	1420.3076	 
39	27045.0742	36727.7188	38654.3398	62928.7812	48491.8672	10629.9316	1099.7853	65761.2656	88437.3047	27197.6348	 
40	175835.0156	187308.6562	23606.9121	24848.3828	18572.5996	62704.4141	127381.7656	28589.0820	1253.0337	100114.7266	 
41	91428.1641	104693.0156	12975.0156	8423.8076	15974.9209	6539.2529	41000.9297	10397.1836	18729.6562	24416.0488	 
42	12970.3164	10865.1494	45966.9336	145143.9375	51796.7773	77270.7188	43822.6992	153899.6250	124622.5469	136255.0781	 
43	153175.6250	164893.8438	16419.9121	17262.2578	13003.0713	46740.5547	104919.4844	20700.8574	181.8160	80566.3516	 
44	3011.0193	1162.8185	70309.5156	170376.5000	79578.3750	83836.1250	35629.9766	178611.6094	163003.9375	135988.0000	 
45	8875.4980	6321.2856	57368.4844	160464.1562	64460.9766	83971.6250	43160.3477	169280.1562	143317.9844	142077.0938	 
[3,*,*]:1	2	3	4	5	6	7	8	9	10	:=
1	147862.3125	158737.6094	14273.2236	20590.4668	10727.6377	48060.0273	103809.1172	24434.1855	790.4845	84640.7266	 
2	1129.7100	173.9035	85087.1016	180809.9062	96421.3906	85456.5156	31028.4258	188390.7656	183307.0156	131291.4219	 
3	19680.2266	25820.8613	19279.4824	64722.9180	26135.4902	17822.9492	9208.2236	69542.7891	69959.9922	50268.7891	 
4	58469.8438	68427.9844	6360.9668	24297.6230	10197.8818	6922.3120	25733.6797	27703.4941	28798.1270	33240.8086	 
5	36381.5977	47908.1016	77940.5312	92914.5859	91614.6172	24850.4648	4429.3872	94445.6719	137254.0000	29125.7715	 
6	116107.9688	125386.5391	5619.0796	23548.2441	3478.2275	37863.7070	81494.3203	27966.8086	4570.7598	76757.0234	 
7	16283.5566	24018.4219	77931.2031	117956.7266	91589.5625	37661.8594	3742.3230	121244.3203	152104.6250	53336.2656	 
8	22038.9570	30480.4316	32695.5586	64624.1367	41802.1836	12437.2783	1797.0814	68116.3828	84166.6094	34015.6562	 
9	147321.3125	166997.5156	51674.6211	5980.6240	56318.2109	15606.9639	65521.3945	4795.0088	39379.3906	11358.4023	 
10	24429.7109	30490.6875	13797.5176	58994.2188	19626.1953	17661.2402	13444.8145	63970.9570	60295.6406	52156.8125	 
11	45025.0117	56637.4961	28352.4863	38566.1641	36457.2930	2363.7524	7639.5347	40707.9531	62954.0391	16197.9219	 
12	119669.1328	138358.4375	51602.4570	14050.7871	58396.6250	8274.9053	44853.2148	13070.6934	52604.7461	3195.3936	 
13	6168.3823	11429.8516	59255.4961	114050.7500	70815.0938	37621.0156	4417.1543	118728.1250	133982.2812	64412.7188	 
14	113539.3047	130878.3359	37865.1328	8163.5938	43230.6992	6101.7686	44360.2500	7975.2314	37931.6328	7589.9448	 
15	10394.5137	7582.8276	56851.1484	161401.2188	63614.7656	85937.0938	45703.6016	170374.7812	142375.0938	145394.4375	 
16	575.7847	2163.3911	58842.3320	136874.3438	69009.5859	56403.1133	16398.0332	143414.5312	141940.7188	96667.2109	 
17	9593.5596	13715.8350	29429.7910	88901.0469	37197.4219	30273.3496	10279.1230	94548.4922	92046.7578	67165.5078	 
18	94575.1562	112079.3516	56943.7109	28974.9062	66061.6484	6170.6567	27913.9336	28271.8301	72781.8594	549.3546	 
19	22204.5742	31128.6641	41163.0117	70690.8828	51318.4297	14124.6172	430.4390	73837.2812	95323.8281	32406.9395	 
20	33218.7344	43215.9922	108535.9375	135475.3906	124676.9297	48452.9492	11312.6045	137426.0312	184666.6875	52966.2305	 
21	805.0090	500.5746	85915.7500	177669.0156	97696.5938	81899.6875	27767.0039	184896.2969	183525.3750	124993.9297	 
22	7055.2866	11578.4707	88778.4844	150245.6719	102718.4688	57918.2695	11220.3867	154986.6562	176829.6875	82728.3125	 
23	169238.3906	181872.0156	22228.4414	16630.5410	18294.4199	52016.0312	115828.8672	19705.9219	122.7506	84008.0781	 
24	158926.4062	179482.7969	58526.8711	7010.9624	63165.4805	19525.4492	72612.7266	5418.6006	42744.3164	12645.9209	 
25	23229.1680	32663.9336	55483.4062	82798.3047	67183.4922	19131.8301	223.5397	85527.9688	114393.6250	33159.8789	 
26	35530.4766	44137.0156	13473.0352	42000.7227	19510.9980	7752.0181	11691.9551	45775.0000	50864.4922	34244.3672	 
27	24269.8945	28906.5879	12190.0732	66144.4609	17145.8457	25133.7422	19799.2480	71882.2734	60475.8242	65439.4727	 
28	66223.8203	75992.6328	3721.4189	22082.0234	6458.9087	10326.1826	33471.9961	25703.9258	22092.4922	39150.3984	 
29	3225.9011	3418.3403	49464.7109	135305.5312	57754.1250	60949.9688	24512.3184	142710.6719	129838.0859	108708.2656	 
30	73260.8047	87547.2891	28655.7480	20203.4062	35444.6602	151.6093	20996.3984	21261.4375	46970.1406	8285.7354	 
31	32446.6641	33468.5859	15286.0420	91364.9766	17890.8105	51941.1836	44387.3203	99050.2188	67515.2109	107231.8906	 
32	20587.6094	29215.7227	41603.9453	73122.8672	51805.3594	15334.1270	371.0168	76400.8672	97131.3672	34423.0352	 
33	59137.7344	68907.7578	5475.4707	24469.9785	9065.7793	7881.8999	27144.2344	27991.7090	27574.0449	35199.2500	 
34	770.4746	806.5643	86323.3906	175989.8125	98322.2031	80090.8984	26183.3164	183034.0312	183546.1719	121779.7031	 
35	111746.9375	120145.1953	4673.4385	28328.2480	2408.5671	40486.6680	81532.0547	33168.6836	6548.3970	82238.7109	 
36	100892.9141	118531.0078	50992.6133	21300.3398	58996.7773	5247.2109	32547.2012	20665.3906	61429.2031	1187.5380	 
37	8864.4492	14860.3877	48628.6250	97886.8594	59282.0547	28982.2832	2538.0745	102330.1797	116497.8594	55168.5234	 
38	85649.5859	102333.2969	52951.1016	30445.7129	62122.1289	4674.5200	23239.3496	30116.1328	72252.0078	1420.3076	 
39	27045.0742	36727.7188	38654.3398	62928.7812	48491.8672	10629.9316	1099.7853	65761.2656	88437.3047	27197.6348	 
40	175835.0156	187308.6562	23606.9121	24848.3828	18572.5996	62704.4141	127381.7656	28589.0820	1253.0337	100114.7266	 
41	91428.1641	104693.0156	12975.0156	8423.8076	15974.9209	6539.2529	41000.9297	10397.1836	18729.6562	24416.0488	 
42	12970.3164	10865.1494	45966.9336	145143.9375	51796.7773	77270.7188	43822.6992	153899.6250	124622.5469	136255.0781	 
43	153175.6250	164893.8438	16419.9121	17262.2578	13003.0713	46740.5547	104919.4844	20700.8574	181.8160	80566.3516	 
44	3011.0193	1162.8185	70309.5156	170376.5000	79578.3750	83836.1250	35629.9766	178611.6094	163003.9375	135988.0000	 
45	8875.4980	6321.2856	57368.4844	160464.1562	64460.9766	83971.6250	43160.3477	169280.1562	143317.9844	142077.0938	 
;
param CT_hm:=	#Cost of transportation/unit weight from hybrid facility h to manufacturer m 
[1,*,*]:1	2	3	:=
1	36073.5000	14345.5928	26846.4707	 
2	37438.3828	12297.9160	35736.9414	 
3	12934.8037	43718.0938	26934.0664	 
4	86445.8438	142274.3750	55301.8359	 
5	15139.8701	49228.1758	35253.0156	 
6	50403.0469	76401.2969	9040.6250	 
7	45898.7852	44616.7734	3598.2029	 
8	94019.0547	151040.8125	58678.2930	 
9	62064.3750	120747.9219	73190.1250	 
10	105369.7188	135776.8750	30660.8418	 
[2,*,*]:1	2	3	:=
1	36073.5000	14345.5928	26846.4707	 
2	37438.3828	12297.9160	35736.9414	 
3	12934.8037	43718.0938	26934.0664	 
4	86445.8438	142274.3750	55301.8359	 
5	15139.8701	49228.1758	35253.0156	 
6	50403.0469	76401.2969	9040.6250	 
7	45898.7852	44616.7734	3598.2029	 
8	94019.0547	151040.8125	58678.2930	 
9	62064.3750	120747.9219	73190.1250	 
10	105369.7188	135776.8750	30660.8418	 
[3,*,*]:1	2	3	:=
1	36073.5000	14345.5928	26846.4707	 
2	37438.3828	12297.9160	35736.9414	 
3	12934.8037	43718.0938	26934.0664	 
4	86445.8438	142274.3750	55301.8359	 
5	15139.8701	49228.1758	35253.0156	 
6	50403.0469	76401.2969	9040.6250	 
7	45898.7852	44616.7734	3598.2029	 
8	94019.0547	151040.8125	58678.2930	 
9	62064.3750	120747.9219	73190.1250	 
10	105369.7188	135776.8750	30660.8418	 
;
param CT_mh:=	#Cost of transportation/unit weight from manufacturer m to hybrid facility h 
[1,*,*]:1	2	3	4	5	6	7	8	9	10	:=
1	36073.5000	37438.3828	12934.8037	86445.8438	15139.8701	50403.0469	45898.7852	94019.0547	62064.3750	105369.7188	 
2	14345.5928	12297.9160	43718.0938	142274.3750	49228.1758	76401.2969	44616.7734	151040.8125	120747.9219	135776.8750	 
3	26846.4707	35736.9414	26934.0664	55301.8359	35253.0156	9040.6250	3598.2029	58678.2930	73190.1250	30660.8418	 
[2,*,*]:1	2	3	4	5	6	7	8	9	10	:=
1	36073.5000	37438.3828	12934.8037	86445.8438	15139.8701	50403.0469	45898.7852	94019.0547	62064.3750	105369.7188	 
2	14345.5928	12297.9160	43718.0938	142274.3750	49228.1758	76401.2969	44616.7734	151040.8125	120747.9219	135776.8750	 
3	26846.4707	35736.9414	26934.0664	55301.8359	35253.0156	9040.6250	3598.2029	58678.2930	73190.1250	30660.8418	 
[3,*,*]:1	2	3	4	5	6	7	8	9	10	:=
1	36073.5000	37438.3828	12934.8037	86445.8438	15139.8701	50403.0469	45898.7852	94019.0547	62064.3750	105369.7188	 
2	14345.5928	12297.9160	43718.0938	142274.3750	49228.1758	76401.2969	44616.7734	151040.8125	120747.9219	135776.8750	 
3	26846.4707	35736.9414	26934.0664	55301.8359	35253.0156	9040.6250	3598.2029	58678.2930	73190.1250	30660.8418	 
;
param D_uh:=	#Distance from urban center u to hybrid facility h 
[1,*,*]:1	2	3	4	5	6	7	8	9	10	:=
1	67482.3906	72145.6172	1916.4971	51824.7578	1729.8439	40062.0117	58265.7031	58150.9336	27592.4570	89352.5078	 
2	25655.9297	32110.7578	13691.9521	56341.2344	19595.0352	15866.0254	12719.9775	61127.0156	58965.0000	49049.2539	 
3	110144.0625	127226.2188	36593.2109	8644.1719	42031.2031	5336.9785	42345.9336	8566.2246	37988.0703	7467.8740	 
4	69573.9375	77147.0156	114.9527	31633.8926	1051.2626	22957.8027	46456.3906	36482.3008	19248.5371	61542.0312	 
5	43234.1289	53868.2773	19992.9902	35817.7969	26960.8438	2884.0164	9841.5137	38545.1328	53470.7500	21656.3340	 
6	53467.7070	57687.3984	2919.4370	56677.3203	3952.1204	36558.8008	47616.4102	63066.3320	35678.0195	85030.2109	 
[2,*,*]:1	2	3	4	5	6	7	8	9	10	:=
1	67482.3906	72145.6172	1916.4971	51824.7578	1729.8439	40062.0117	58265.7031	58150.9336	27592.4570	89352.5078	 
2	25655.9297	32110.7578	13691.9521	56341.2344	19595.0352	15866.0254	12719.9775	61127.0156	58965.0000	49049.2539	 
3	110144.0625	127226.2188	36593.2109	8644.1719	42031.2031	5336.9785	42345.9336	8566.2246	37988.0703	7467.8740	 
4	69573.9375	77147.0156	114.9527	31633.8926	1051.2626	22957.8027	46456.3906	36482.3008	19248.5371	61542.0312	 
5	43234.1289	53868.2773	19992.9902	35817.7969	26960.8438	2884.0164	9841.5137	38545.1328	53470.7500	21656.3340	 
6	53467.7070	57687.3984	2919.4370	56677.3203	3952.1204	36558.8008	47616.4102	63066.3320	35678.0195	85030.2109	 
[3,*,*]:1	2	3	4	5	6	7	8	9	10	:=
1	67482.3906	72145.6172	1916.4971	51824.7578	1729.8439	40062.0117	58265.7031	58150.9336	27592.4570	89352.5078	 
2	25655.9297	32110.7578	13691.9521	56341.2344	19595.0352	15866.0254	12719.9775	61127.0156	58965.0000	49049.2539	 
3	110144.0625	127226.2188	36593.2109	8644.1719	42031.2031	5336.9785	42345.9336	8566.2246	37988.0703	7467.8740	 
4	69573.9375	77147.0156	114.9527	31633.8926	1051.2626	22957.8027	46456.3906	36482.3008	19248.5371	61542.0312	 
5	43234.1289	53868.2773	19992.9902	35817.7969	26960.8438	2884.0164	9841.5137	38545.1328	53470.7500	21656.3340	 
6	53467.7070	57687.3984	2919.4370	56677.3203	3952.1204	36558.8008	47616.4102	63066.3320	35678.0195	85030.2109	 
;
param Surrounding:=	39252.0430	;
param Pop_u:=	#Population per urban center u
1	55416.9609
2	75873.8750
3	57772.9375
4	64902.4766
5	77816.7891
6	60326.6094
;
param CR_pm:	1	2	3	:=	#Cost of recycled/reprocessed per unit of product p in manufacturer m
1	80.0851	80.9815	76.4530	 
2	87.5827	83.4924	87.5511	 
3	75.4214	81.1542	84.6953	 
;
param FCH_h:=	#Operating fixed cost for hybrid facility h
1	11412.8154
2	8289.4961
3	8146.6118
4	10561.9912
5	8932.7012
6	9804.3174
7	10874.5127
8	11702.3770
9	11594.7744
10	8292.1104
;
param FCM_m:=	#Fixed cost for opening manufacturing plant m
1	43307.6055
2	33891.8359
3	42518.7344
;
param A_pct:=	#Return rate of product p available in retailer c at time period t (rand [0,1])
[1,*,*]:	1	2	3	4	5	:=
1	0.5000	0.5000	0.5000	0.5000	0.5000	 
2	0.5000	0.5000	0.5000	0.5000	0.5000	 
3	0.5000	0.5000	0.5000	0.5000	0.5000	 
4	0.5000	0.5000	0.5000	0.5000	0.5000	 
5	0.5000	0.5000	0.5000	0.5000	0.5000	 
6	0.5000	0.5000	0.5000	0.5000	0.5000	 
7	0.5000	0.5000	0.5000	0.5000	0.5000	 
8	0.5000	0.5000	0.5000	0.5000	0.5000	 
9	0.5000	0.5000	0.5000	0.5000	0.5000	 
10	0.5000	0.5000	0.5000	0.5000	0.5000	 
11	0.5000	0.5000	0.5000	0.5000	0.5000	 
12	0.5000	0.5000	0.5000	0.5000	0.5000	 
13	0.5000	0.5000	0.5000	0.5000	0.5000	 
14	0.5000	0.5000	0.5000	0.5000	0.5000	 
15	0.5000	0.5000	0.5000	0.5000	0.5000	 
16	0.5000	0.5000	0.5000	0.5000	0.5000	 
17	0.5000	0.5000	0.5000	0.5000	0.5000	 
18	0.5000	0.5000	0.5000	0.5000	0.5000	 
19	0.5000	0.5000	0.5000	0.5000	0.5000	 
20	0.5000	0.5000	0.5000	0.5000	0.5000	 
21	0.5000	0.5000	0.5000	0.5000	0.5000	 
22	0.5000	0.5000	0.5000	0.5000	0.5000	 
23	0.5000	0.5000	0.5000	0.5000	0.5000	 
24	0.5000	0.5000	0.5000	0.5000	0.5000	 
25	0.5000	0.5000	0.5000	0.5000	0.5000	 
26	0.5000	0.5000	0.5000	0.5000	0.5000	 
27	0.5000	0.5000	0.5000	0.5000	0.5000	 
28	0.5000	0.5000	0.5000	0.5000	0.5000	 
29	0.5000	0.5000	0.5000	0.5000	0.5000	 
30	0.5000	0.5000	0.5000	0.5000	0.5000	 
31	0.5000	0.5000	0.5000	0.5000	0.5000	 
32	0.5000	0.5000	0.5000	0.5000	0.5000	 
33	0.5000	0.5000	0.5000	0.5000	0.5000	 
34	0.5000	0.5000	0.5000	0.5000	0.5000	 
35	0.5000	0.5000	0.5000	0.5000	0.5000	 
36	0.5000	0.5000	0.5000	0.5000	0.5000	 
37	0.5000	0.5000	0.5000	0.5000	0.5000	 
38	0.5000	0.5000	0.5000	0.5000	0.5000	 
39	0.5000	0.5000	0.5000	0.5000	0.5000	 
40	0.5000	0.5000	0.5000	0.5000	0.5000	 
41	0.5000	0.5000	0.5000	0.5000	0.5000	 
42	0.5000	0.5000	0.5000	0.5000	0.5000	 
43	0.5000	0.5000	0.5000	0.5000	0.5000	 
44	0.5000	0.5000	0.5000	0.5000	0.5000	 
45	0.5000	0.5000	0.5000	0.5000	0.5000	 
[2,*,*]:	1	2	3	4	5	:=
1	0.5000	0.5000	0.5000	0.5000	0.5000	 
2	0.5000	0.5000	0.5000	0.5000	0.5000	 
3	0.5000	0.5000	0.5000	0.5000	0.5000	 
4	0.5000	0.5000	0.5000	0.5000	0.5000	 
5	0.5000	0.5000	0.5000	0.5000	0.5000	 
6	0.5000	0.5000	0.5000	0.5000	0.5000	 
7	0.5000	0.5000	0.5000	0.5000	0.5000	 
8	0.5000	0.5000	0.5000	0.5000	0.5000	 
9	0.5000	0.5000	0.5000	0.5000	0.5000	 
10	0.5000	0.5000	0.5000	0.5000	0.5000	 
11	0.5000	0.5000	0.5000	0.5000	0.5000	 
12	0.5000	0.5000	0.5000	0.5000	0.5000	 
13	0.5000	0.5000	0.5000	0.5000	0.5000	 
14	0.5000	0.5000	0.5000	0.5000	0.5000	 
15	0.5000	0.5000	0.5000	0.5000	0.5000	 
16	0.5000	0.5000	0.5000	0.5000	0.5000	 
17	0.5000	0.5000	0.5000	0.5000	0.5000	 
18	0.5000	0.5000	0.5000	0.5000	0.5000	 
19	0.5000	0.5000	0.5000	0.5000	0.5000	 
20	0.5000	0.5000	0.5000	0.5000	0.5000	 
21	0.5000	0.5000	0.5000	0.5000	0.5000	 
22	0.5000	0.5000	0.5000	0.5000	0.5000	 
23	0.5000	0.5000	0.5000	0.5000	0.5000	 
24	0.5000	0.5000	0.5000	0.5000	0.5000	 
25	0.5000	0.5000	0.5000	0.5000	0.5000	 
26	0.5000	0.5000	0.5000	0.5000	0.5000	 
27	0.5000	0.5000	0.5000	0.5000	0.5000	 
28	0.5000	0.5000	0.5000	0.5000	0.5000	 
29	0.5000	0.5000	0.5000	0.5000	0.5000	 
30	0.5000	0.5000	0.5000	0.5000	0.5000	 
31	0.5000	0.5000	0.5000	0.5000	0.5000	 
32	0.5000	0.5000	0.5000	0.5000	0.5000	 
33	0.5000	0.5000	0.5000	0.5000	0.5000	 
34	0.5000	0.5000	0.5000	0.5000	0.5000	 
35	0.5000	0.5000	0.5000	0.5000	0.5000	 
36	0.5000	0.5000	0.5000	0.5000	0.5000	 
37	0.5000	0.5000	0.5000	0.5000	0.5000	 
38	0.5000	0.5000	0.5000	0.5000	0.5000	 
39	0.5000	0.5000	0.5000	0.5000	0.5000	 
40	0.5000	0.5000	0.5000	0.5000	0.5000	 
41	0.5000	0.5000	0.5000	0.5000	0.5000	 
42	0.5000	0.5000	0.5000	0.5000	0.5000	 
43	0.5000	0.5000	0.5000	0.5000	0.5000	 
44	0.5000	0.5000	0.5000	0.5000	0.5000	 
45	0.5000	0.5000	0.5000	0.5000	0.5000	 
[3,*,*]:	1	2	3	4	5	:=
1	0.5000	0.5000	0.5000	0.5000	0.5000	 
2	0.5000	0.5000	0.5000	0.5000	0.5000	 
3	0.5000	0.5000	0.5000	0.5000	0.5000	 
4	0.5000	0.5000	0.5000	0.5000	0.5000	 
5	0.5000	0.5000	0.5000	0.5000	0.5000	 
6	0.5000	0.5000	0.5000	0.5000	0.5000	 
7	0.5000	0.5000	0.5000	0.5000	0.5000	 
8	0.5000	0.5000	0.5000	0.5000	0.5000	 
9	0.5000	0.5000	0.5000	0.5000	0.5000	 
10	0.5000	0.5000	0.5000	0.5000	0.5000	 
11	0.5000	0.5000	0.5000	0.5000	0.5000	 
12	0.5000	0.5000	0.5000	0.5000	0.5000	 
13	0.5000	0.5000	0.5000	0.5000	0.5000	 
14	0.5000	0.5000	0.5000	0.5000	0.5000	 
15	0.5000	0.5000	0.5000	0.5000	0.5000	 
16	0.5000	0.5000	0.5000	0.5000	0.5000	 
17	0.5000	0.5000	0.5000	0.5000	0.5000	 
18	0.5000	0.5000	0.5000	0.5000	0.5000	 
19	0.5000	0.5000	0.5000	0.5000	0.5000	 
20	0.5000	0.5000	0.5000	0.5000	0.5000	 
21	0.5000	0.5000	0.5000	0.5000	0.5000	 
22	0.5000	0.5000	0.5000	0.5000	0.5000	 
23	0.5000	0.5000	0.5000	0.5000	0.5000	 
24	0.5000	0.5000	0.5000	0.5000	0.5000	 
25	0.5000	0.5000	0.5000	0.5000	0.5000	 
26	0.5000	0.5000	0.5000	0.5000	0.5000	 
27	0.5000	0.5000	0.5000	0.5000	0.5000	 
28	0.5000	0.5000	0.5000	0.5000	0.5000	 
29	0.5000	0.5000	0.5000	0.5000	0.5000	 
30	0.5000	0.5000	0.5000	0.5000	0.5000	 
31	0.5000	0.5000	0.5000	0.5000	0.5000	 
32	0.5000	0.5000	0.5000	0.5000	0.5000	 
33	0.5000	0.5000	0.5000	0.5000	0.5000	 
34	0.5000	0.5000	0.5000	0.5000	0.5000	 
35	0.5000	0.5000	0.5000	0.5000	0.5000	 
36	0.5000	0.5000	0.5000	0.5000	0.5000	 
37	0.5000	0.5000	0.5000	0.5000	0.5000	 
38	0.5000	0.5000	0.5000	0.5000	0.5000	 
39	0.5000	0.5000	0.5000	0.5000	0.5000	 
40	0.5000	0.5000	0.5000	0.5000	0.5000	 
41	0.5000	0.5000	0.5000	0.5000	0.5000	 
42	0.5000	0.5000	0.5000	0.5000	0.5000	 
43	0.5000	0.5000	0.5000	0.5000	0.5000	 
44	0.5000	0.5000	0.5000	0.5000	0.5000	 
45	0.5000	0.5000	0.5000	0.5000	0.5000	 
;
param SL:=	1.64	;	 
param SDS_p:=	#Sales standar deviation of product p 
1	 58.2597
2	 55.8555
3	 56.4136
;
param L_p:=	#Average lead time for product p at retailers (Lead time = Order to ship time + Transit lead time) - 4months
1	  3.1746
2	  2.9266
3	  2.6993
;
param CM_pm:=	#manufacturing capacity limit
1	339530.0000
2	339530.0000
3	339530.0000
;
param Mbig:=	 339530.0000;
param CO_vk:1	2	3:=	#Cost of CO2 emission per vehicle type v with size k
1	0.0003	0.001	0.002	#Electric Vehicle
2	0.001	0.003	0.006;	#Internal combustion

param VC_vk:1	2	3:= #Cost per vehicle type v with size k
1	100	200	1000	#Electric Vehicle
2	50	100	500	; 	#Internal combustion

param VQ_vk:1	2	3:=	#Capacity per vehicle type v with size k
1	10	20	50	#Electric Vehicle
2	10	20	50	; 	#Internal combustion

