#Coord Suppliers
# 	1	187.6599		216.0974	
# 	2	  0.0515		 90.6998	
# 	3	 66.0401		 27.7016	
# 	4	 83.8171		103.6682	
# 	5	178.5454		161.6450	
#Coord Manufacturers
# 	1	188.6375		205.5659	
# 	2	 92.0035		263.4352	
# 	3	 12.3244		201.1402	
#Coord Warehouse
# 	1	187.7872		167.6069	
# 	2	 63.1741		 59.4305	
# 	3	360.3351		290.4785	
# 	4	141.0409		207.6968	
# 	5	394.3751		268.3820	
#Coord Hybrids
# 	1	 38.2699		 11.7164	
# 	2	 76.4237		263.4427	
# 	3	 44.2561		126.3323	
# 	4	431.0503		159.9496	
# 	5	311.3447		 94.6547	
#Coord Retailers
# 	1	308.9254		250.3877	
# 	2	  8.2297		225.0433	
# 	3	444.9875		224.4497	
# 	4	126.1998		236.7838	
# 	5	 46.4517		134.3681	
# 	6	408.8680		 88.0842	
# 	7	129.4989		 39.0086	
# 	8	  8.7151		203.6507	
# 	9	 95.2327		 79.6640	
# 	10	221.2079		 16.0088	
#Coord Urban center
# 	1	258.3529		 44.0186	
# 	2	265.1875		209.9275	
# 	3	 46.0505		124.2168	
# 	4	312.4800		124.2538	
# 	5	 22.4791		160.7689	
# 	6	298.7076		154.4667	

#Parameters

param I:=	3;	#Raw material
param S:=	5;	#Supplier
param M:=	3;	#Manufacturer
param H:=	5;	#Hybrid
param W:=	5;	#Warehouse
param C:=	10;	#Retailer
param P:=	3;	#Products
param T:=	5;	#Time period
param TV:=	2;	#Type of vehicle
param SZ:=	3;	#Size of vehicle
param UC:=	6;	#Urban centers

param CI_im:	1	2	3	:=	#Inventory holding cost/unit of raw material i at manufacturer m
1	3	3	3	 
2	3	3	3	 
3	3	3	3	 
; 
param CI_pw:	1	2	3	4	5	:=	#Inventory holding cost/unit of product p at depot w
1	3	3	3	3	3	 
2	3	3	3	3	3	 
3	3	3	3	3	3	 
;
param CP_pm:	1	2	3	:=	#Production cost of product p at manufacturer m
1	109.4459	105.8655	109.0340	 
2	101.3747	101.3928	108.0739	 
3	103.9768	101.6535	109.2751	 
;
param CT_ism:=	#Cost of raw material i per unit from supplier s to manufacturer m
[1,*,*]:1	2	3	:=
1	1336.9414	1437.7030	1431.4995	
2	1470.8265	1405.9181	1437.7356	
3	1337.2246	1317.4819	1473.9716	
4	1357.0228	1491.2100	1415.8604	
5	1405.4240	1278.6865	1487.3723	
[2,*,*]:1	2	3	:=
1	1362.4780	1394.5974	1352.0342	
2	1309.2567	1475.8448	1393.4199	
3	1250.7175	1404.2863	1331.6613	
4	1381.7645	1471.4855	1339.3174	
5	1477.1338	1405.8400	1253.9553	
[3,*,*]:1	2	3	:=
1	1482.3593	1422.7242	1499.3307	
2	1293.0851	1284.2839	1483.1489	
3	1424.2046	1266.5000	1438.8657	
4	1438.4690	1480.7561	1427.8812	
5	1281.0677	1254.9701	1256.5527	
;
param CT_wc:=	#Cost of transportation/unit weight from depot w to retailer c1 (Matrix of the cost CTij)
[1,*,*]:1	2	3	4	5	6	7	8	9	10	:=
1	21527.1270	35539.8086	69383.1016	8578.4434	21080.5371	55200.5859	19935.0625	33365.9453	16300.3027	24098.9570	
2	96858.3672	30446.5000	173012.7969	35426.4531	5895.2842	120325.2734	4816.0303	23765.2480	1437.1458	26860.1250	
3	4250.2256	128259.9375	11525.8291	57702.4492	122893.2344	43318.8711	116522.4609	131175.6562	114722.0312	94690.0000	
4	30007.7305	17939.7051	92664.1953	1066.3134	14324.2129	86038.5078	28588.9258	17526.4746	18490.7871	43171.0508	
5	7625.4468	150986.5156	4491.6572	72916.4531	139010.4375	32717.3203	122771.5781	152923.7500	125100.6875	93679.1250	
[2,*,*]:1	2	3	4	5	6	7	8	9	10	:=
1	21527.1270	35539.8086	69383.1016	8578.4434	21080.5371	55200.5859	19935.0625	33365.9453	16300.3027	24098.9570	
2	96858.3672	30446.5000	173012.7969	35426.4531	5895.2842	120325.2734	4816.0303	23765.2480	1437.1458	26860.1250	
3	4250.2256	128259.9375	11525.8291	57702.4492	122893.2344	43318.8711	116522.4609	131175.6562	114722.0312	94690.0000	
4	30007.7305	17939.7051	92664.1953	1066.3134	14324.2129	86038.5078	28588.9258	17526.4746	18490.7871	43171.0508	
5	7625.4468	150986.5156	4491.6572	72916.4531	139010.4375	32717.3203	122771.5781	152923.7500	125100.6875	93679.1250	
[3,*,*]:1	2	3	4	5	6	7	8	9	10	:=
1	21527.1270	35539.8086	69383.1016	8578.4434	21080.5371	55200.5859	19935.0625	33365.9453	16300.3027	24098.9570	
2	96858.3672	30446.5000	173012.7969	35426.4531	5895.2842	120325.2734	4816.0303	23765.2480	1437.1458	26860.1250	
3	4250.2256	128259.9375	11525.8291	57702.4492	122893.2344	43318.8711	116522.4609	131175.6562	114722.0312	94690.0000	
4	30007.7305	17939.7051	92664.1953	1066.3134	14324.2129	86038.5078	28588.9258	17526.4746	18490.7871	43171.0508	
5	7625.4468	150986.5156	4491.6572	72916.4531	139010.4375	32717.3203	122771.5781	152923.7500	125100.6875	93679.1250	
;
param DEM_pct:=	#Demand of product 1 at retailer c at time period t
[1,*,*]:	1	2	3	4	5	:=
1	406.0000	449.0000	572.0000	508.0000	511.0000	 
2	568.0000	425.0000	456.0000	517.0000	594.0000	 
3	512.0000	404.0000	560.0000	447.0000	561.0000	 
4	478.0000	573.0000	549.0000	511.0000	427.0000	 
5	412.0000	424.0000	409.0000	421.0000	445.0000	 
6	543.0000	512.0000	403.0000	414.0000	593.0000	 
7	514.0000	441.0000	450.0000	549.0000	439.0000	 
8	516.0000	594.0000	569.0000	448.0000	499.0000	 
9	524.0000	566.0000	431.0000	404.0000	414.0000	 
10	497.0000	521.0000	514.0000	463.0000	598.0000	 
[2,*,*]:	1	2	3	4	5	:=
1	516.0000	476.0000	510.0000	549.0000	534.0000	 
2	453.0000	413.0000	474.0000	526.0000	442.0000	 
3	551.0000	413.0000	452.0000	561.0000	439.0000	 
4	528.0000	505.0000	585.0000	453.0000	413.0000	 
5	547.0000	554.0000	582.0000	586.0000	403.0000	 
6	447.0000	523.0000	590.0000	590.0000	511.0000	 
7	583.0000	528.0000	478.0000	497.0000	521.0000	 
8	510.0000	585.0000	584.0000	479.0000	593.0000	 
9	435.0000	425.0000	427.0000	501.0000	404.0000	 
10	590.0000	565.0000	403.0000	435.0000	466.0000	 
[3,*,*]:	1	2	3	4	5	:=
1	426.0000	562.0000	469.0000	588.0000	516.0000	 
2	576.0000	569.0000	581.0000	492.0000	509.0000	 
3	560.0000	457.0000	498.0000	520.0000	403.0000	 
4	519.0000	487.0000	561.0000	463.0000	579.0000	 
5	516.0000	437.0000	558.0000	522.0000	411.0000	 
6	484.0000	536.0000	584.0000	400.0000	595.0000	 
7	475.0000	595.0000	521.0000	566.0000	515.0000	 
8	526.0000	457.0000	517.0000	550.0000	572.0000	 
9	551.0000	540.0000	573.0000	465.0000	534.0000	 
10	490.0000	476.0000	482.0000	480.0000	463.0000	 
;
param FCW_w:=	#Fixed operating cost for depot w
1	10487.6777
2	9720.9893
3	11895.2080
4	10711.2031
5	8794.2793
;
param OFF_ip:	1	2	3	:=	#Off take of raw material i for product p
1	0.50	0.50	0.50	
2	0.50	0.50	0.50	
3	0.50	0.50	0.50	
;
param PS_m:=	#Storage capacity at manufacturer m
1	34944.0000
2	31801.0000
3	48931.0000
;
param PS_w:=	#Storage capacity at depot w
1	52037.0000
2	52936.0000
3	43844.0000
4	29043.0000
5	28370.0000
;
param PS_h:=	#Storage capacity in hybrid facility h
1	51090.0000
2	38753.0000
3	49102.0000
4	40441.0000
5	46499.0000
;
param W_p:=	#Weight of product p
1	1.00
2	1.00
3	1.00
;
param B_p:=	#Disposal rate of product p (rand [0,1])
1	  0.0200
2	  0.0200
3	  0.0200
;
param CI_ph:	1	2	3	4	5	:=	#Inventory holding cost per unit of product p at hybrid facility h
1	3	3	3	3	3	 
2	3	3	3	3	3	 
3	3	3	3	3	3	 
;
param CT_mw:=	#Cost of transportation/unit weight from manufacturer m to depot w
[1,*,*]:1	2	3	4	5	:=
1	1441.6018	37096.6289	36690.1992	2269.9832	46273.8203	 
2	18357.5703	42449.0859	72733.1719	5511.4399	91453.0625	 
3	31911.6602	22667.3574	129092.7578	16610.9160	150484.2031	 
[2,*,*]:1	2	3	4	5	:=
1	1441.6018	37096.6289	36690.1992	2269.9832	46273.8203	 
2	18357.5703	42449.0859	72733.1719	5511.4399	91453.0625	 
3	31911.6602	22667.3574	129092.7578	16610.9160	150484.2031	 
[3,*,*]:1	2	3	4	5	:=
1	1441.6018	37096.6289	36690.1992	2269.9832	46273.8203	 
2	18357.5703	42449.0859	72733.1719	5511.4399	91453.0625	 
3	31911.6602	22667.3574	129092.7578	16610.9160	150484.2031	 
;
param CT_hc:=	#Cost of transportation/unit weight from hybrid facility h, to retailer c
[1,*,*]:1	2	3	4	5	6	7	8	9	10	:=
1	130218.3750	46410.7617	210674.6562	58386.9961	15110.3643	143174.9844	9067.5928	37712.2305	7861.6270	33484.7461	 
2	54227.4766	6124.9380	137359.7188	3188.3584	17558.5957	141269.7969	53187.6758	8159.5459	34128.4062	82186.0469	 
3	85439.6016	11041.7598	170212.7031	18914.3125	 69.3943	134404.7500	14891.7715	7241.2871	4776.5415	43483.2344	 
4	23093.5371	183014.4062	4354.5112	98837.3203	148570.4844	5656.6826	105559.9688	180276.7500	119219.2500	64752.7852	 
5	24258.6211	108879.8828	34707.1406	54479.3203	71745.4531	9553.9619	36164.3867	103464.7812	46929.1406	14309.8223	 
[2,*,*]:1	2	3	4	5	6	7	8	9	10	:=
1	130218.3750	46410.7617	210674.6562	58386.9961	15110.3643	143174.9844	9067.5928	37712.2305	7861.6270	33484.7461	 
2	54227.4766	6124.9380	137359.7188	3188.3584	17558.5957	141269.7969	53187.6758	8159.5459	34128.4062	82186.0469	 
3	85439.6016	11041.7598	170212.7031	18914.3125	 69.3943	134404.7500	14891.7715	7241.2871	4776.5415	43483.2344	 
4	23093.5371	183014.4062	4354.5112	98837.3203	148570.4844	5656.6826	105559.9688	180276.7500	119219.2500	64752.7852	 
5	24258.6211	108879.8828	34707.1406	54479.3203	71745.4531	9553.9619	36164.3867	103464.7812	46929.1406	14309.8223	 
[3,*,*]:1	2	3	4	5	6	7	8	9	10	:=
1	130218.3750	46410.7617	210674.6562	58386.9961	15110.3643	143174.9844	9067.5928	37712.2305	7861.6270	33484.7461	 
2	54227.4766	6124.9380	137359.7188	3188.3584	17558.5957	141269.7969	53187.6758	8159.5459	34128.4062	82186.0469	 
3	85439.6016	11041.7598	170212.7031	18914.3125	 69.3943	134404.7500	14891.7715	7241.2871	4776.5415	43483.2344	 
4	23093.5371	183014.4062	4354.5112	98837.3203	148570.4844	5656.6826	105559.9688	180276.7500	119219.2500	64752.7852	 
5	24258.6211	108879.8828	34707.1406	54479.3203	71745.4531	9553.9619	36164.3867	103464.7812	46929.1406	14309.8223	 
;
param CT_ch:=	#Cost of transportation/unit weight from retailer c to hybrid facility h
[1,*,*]:1	2	3	4	5	:=
1	130218.3750	54227.4766	85439.6016	23093.5371	24258.6211	 
2	46410.7617	6124.9380	11041.7598	183014.4062	108879.8828	 
3	210674.6562	137359.7188	170212.7031	4354.5112	34707.1406	 
4	58386.9961	3188.3584	18914.3125	98837.3203	54479.3203	 
5	15110.3643	17558.5957	 69.3943	148570.4844	71745.4531	 
6	143174.9844	141269.7969	134404.7500	5656.6826	9553.9619	 
7	9067.5928	53187.6758	14891.7715	105559.9688	36164.3867	 
8	37712.2305	8159.5459	7241.2871	180276.7500	103464.7812	 
9	7861.6270	34128.4062	4776.5415	119219.2500	46929.1406	 
10	33484.7461	82186.0469	43483.2344	64752.7852	14309.8223	 
[2,*,*]:1	2	3	4	5	:=
1	130218.3750	54227.4766	85439.6016	23093.5371	24258.6211	 
2	46410.7617	6124.9380	11041.7598	183014.4062	108879.8828	 
3	210674.6562	137359.7188	170212.7031	4354.5112	34707.1406	 
4	58386.9961	3188.3584	18914.3125	98837.3203	54479.3203	 
5	15110.3643	17558.5957	 69.3943	148570.4844	71745.4531	 
6	143174.9844	141269.7969	134404.7500	5656.6826	9553.9619	 
7	9067.5928	53187.6758	14891.7715	105559.9688	36164.3867	 
8	37712.2305	8159.5459	7241.2871	180276.7500	103464.7812	 
9	7861.6270	34128.4062	4776.5415	119219.2500	46929.1406	 
10	33484.7461	82186.0469	43483.2344	64752.7852	14309.8223	 
[3,*,*]:1	2	3	4	5	:=
1	130218.3750	54227.4766	85439.6016	23093.5371	24258.6211	 
2	46410.7617	6124.9380	11041.7598	183014.4062	108879.8828	 
3	210674.6562	137359.7188	170212.7031	4354.5112	34707.1406	 
4	58386.9961	3188.3584	18914.3125	98837.3203	54479.3203	 
5	15110.3643	17558.5957	 69.3943	148570.4844	71745.4531	 
6	143174.9844	141269.7969	134404.7500	5656.6826	9553.9619	 
7	9067.5928	53187.6758	14891.7715	105559.9688	36164.3867	 
8	37712.2305	8159.5459	7241.2871	180276.7500	103464.7812	 
9	7861.6270	34128.4062	4776.5415	119219.2500	46929.1406	 
10	33484.7461	82186.0469	43483.2344	64752.7852	14309.8223	 
;
param CT_hm:=	#Cost of transportation/unit weight from hybrid facility h to manufacturer m 
[1,*,*]:1	2	3	:=
1	60188.0312	66249.6641	36554.5508	 
2	15941.6797	242.7303	7990.3213	 
3	27123.9688	21077.0371	6615.8608	 
4	60844.7852	125662.0000	177028.0469	 
5	27358.3320	76597.4297	100752.2891	 
[2,*,*]:1	2	3	:=
1	60188.0312	66249.6641	36554.5508	 
2	15941.6797	242.7303	7990.3213	 
3	27123.9688	21077.0371	6615.8608	 
4	60844.7852	125662.0000	177028.0469	 
5	27358.3320	76597.4297	100752.2891	 
[3,*,*]:1	2	3	:=
1	60188.0312	66249.6641	36554.5508	 
2	15941.6797	242.7303	7990.3213	 
3	27123.9688	21077.0371	6615.8608	 
4	60844.7852	125662.0000	177028.0469	 
5	27358.3320	76597.4297	100752.2891	 
;
param CT_mh:=	#Cost of transportation/unit weight from manufacturer m to hybrid facility h 
[1,*,*]:1	2	3	4	5	:=
1	60188.0312	15941.6797	27123.9688	60844.7852	27358.3320	 
2	66249.6641	242.7303	21077.0371	125662.0000	76597.4297	 
3	36554.5508	7990.3213	6615.8608	177028.0469	100752.2891	 
[2,*,*]:1	2	3	4	5	:=
1	60188.0312	15941.6797	27123.9688	60844.7852	27358.3320	 
2	66249.6641	242.7303	21077.0371	125662.0000	76597.4297	 
3	36554.5508	7990.3213	6615.8608	177028.0469	100752.2891	 
[3,*,*]:1	2	3	4	5	:=
1	60188.0312	15941.6797	27123.9688	60844.7852	27358.3320	 
2	66249.6641	242.7303	21077.0371	125662.0000	76597.4297	 
3	36554.5508	7990.3213	6615.8608	177028.0469	100752.2891	 
;
param D_uh:=	#Distance from urban center u to hybrid facility h 
[1,*,*]:1	2	3	4	5	:=
1	49479.9609	81245.2031	52613.0000	43264.3906	5372.1470	 
2	90779.2266	38495.6523	55798.8555	30008.2598	15418.3086	 
3	12716.8691	20306.3965	  7.6953	149501.6875	71254.9219	 
4	87855.8594	75096.1641	71948.4141	15333.0947	877.3951	 
5	22465.9941	13451.9395	1660.1195	166931.1250	87814.4453	 
6	88205.4375	61285.8906	65537.1172	17544.6562	3737.1772	 
[2,*,*]:1	2	3	4	5	:=
1	49479.9609	81245.2031	52613.0000	43264.3906	5372.1470	 
2	90779.2266	38495.6523	55798.8555	30008.2598	15418.3086	 
3	12716.8691	20306.3965	  7.6953	149501.6875	71254.9219	 
4	87855.8594	75096.1641	71948.4141	15333.0947	877.3951	 
5	22465.9941	13451.9395	1660.1195	166931.1250	87814.4453	 
6	88205.4375	61285.8906	65537.1172	17544.6562	3737.1772	 
[3,*,*]:1	2	3	4	5	:=
1	49479.9609	81245.2031	52613.0000	43264.3906	5372.1470	 
2	90779.2266	38495.6523	55798.8555	30008.2598	15418.3086	 
3	12716.8691	20306.3965	  7.6953	149501.6875	71254.9219	 
4	87855.8594	75096.1641	71948.4141	15333.0947	877.3951	 
5	22465.9941	13451.9395	1660.1195	166931.1250	87814.4453	 
6	88205.4375	61285.8906	65537.1172	17544.6562	3737.1772	 
;
param Surrounding:=	49866.9141	;
param Pop_u:=	#Population per urban center u
1	92793.1250
2	99931.2578
3	72449.9062
4	96821.9766
5	64006.9023
6	99684.8438
;
param CR_pm:	1	2	3	:=	#Cost of recycled/reprocessed per unit of product p in manufacturer m
1	82.7852	86.5633	83.5329	 
2	81.9856	80.1403	76.0231	 
3	80.6689	76.1944	89.7423	 
;
param FCH_h:=	#Operating fixed cost for hybrid facility h
1	8726.4512
2	11247.4346
3	11499.8467
4	10753.6533
5	10277.9775
;
param FCM_m:=	#Fixed cost for opening manufacturing plant m
1	35702.3438
2	42738.2422
3	39938.9570
;
param A_pct:=	#Return rate of product p available in retailer c at time period t (rand [0,1])
[1,*,*]:	1	2	3	4	5	:=
1	0.2000	0.2000	0.2000	0.2000	0.2000	 
2	0.2000	0.2000	0.2000	0.2000	0.2000	 
3	0.2000	0.2000	0.2000	0.2000	0.2000	 
4	0.2000	0.2000	0.2000	0.2000	0.2000	 
5	0.2000	0.2000	0.2000	0.2000	0.2000	 
6	0.2000	0.2000	0.2000	0.2000	0.2000	 
7	0.2000	0.2000	0.2000	0.2000	0.2000	 
8	0.2000	0.2000	0.2000	0.2000	0.2000	 
9	0.2000	0.2000	0.2000	0.2000	0.2000	 
10	0.2000	0.2000	0.2000	0.2000	0.2000	 
[2,*,*]:	1	2	3	4	5	:=
1	0.2000	0.2000	0.2000	0.2000	0.2000	 
2	0.2000	0.2000	0.2000	0.2000	0.2000	 
3	0.2000	0.2000	0.2000	0.2000	0.2000	 
4	0.2000	0.2000	0.2000	0.2000	0.2000	 
5	0.2000	0.2000	0.2000	0.2000	0.2000	 
6	0.2000	0.2000	0.2000	0.2000	0.2000	 
7	0.2000	0.2000	0.2000	0.2000	0.2000	 
8	0.2000	0.2000	0.2000	0.2000	0.2000	 
9	0.2000	0.2000	0.2000	0.2000	0.2000	 
10	0.2000	0.2000	0.2000	0.2000	0.2000	 
[3,*,*]:	1	2	3	4	5	:=
1	0.2000	0.2000	0.2000	0.2000	0.2000	 
2	0.2000	0.2000	0.2000	0.2000	0.2000	 
3	0.2000	0.2000	0.2000	0.2000	0.2000	 
4	0.2000	0.2000	0.2000	0.2000	0.2000	 
5	0.2000	0.2000	0.2000	0.2000	0.2000	 
6	0.2000	0.2000	0.2000	0.2000	0.2000	 
7	0.2000	0.2000	0.2000	0.2000	0.2000	 
8	0.2000	0.2000	0.2000	0.2000	0.2000	 
9	0.2000	0.2000	0.2000	0.2000	0.2000	 
10	0.2000	0.2000	0.2000	0.2000	0.2000	 
;
param SL:=	1.64	;	 
param SDS_p:=	#Sales standar deviation of product p 
1	 62.6953
2	 62.2975
3	 59.6493
;
param L_p:=	#Average lead time for product p at retailers (Lead time = Order to ship time + Transit lead time) - 4months
1	  2.7601
2	  3.3480
3	  2.8996
;
param CM_pm:=	#manufacturing capacity limit
1	75416.0000
2	75416.0000
3	75416.0000
;
param Mbig:=	  75416.0000;
param CO_vk:1	2	3:=	#Cost of CO2 emission per vehicle type v with size k
1	0.0003	0.001	0.002	#Electric Vehicle
2	0.001	0.003	0.006;	#Internal combustion

param VC_vk:1	2	3:= #Cost per vehicle type v with size k
1	100	200	1000	#Electric Vehicle
2	50	100	500	; 	#Internal combustion

param VQ_vk:1	2	3:=	#Capacity per vehicle type v with size k
1	10	20	50	#Electric Vehicle
2	10	20	50	; 	#Internal combustion

