#Coord Suppliers
# 	1	347.0943		  6.2256	
# 	2	285.1417		224.6412	
# 	3	224.3282		 67.4390	
# 	4	 89.1283		228.1592	
# 	5	 76.0999		 26.5019	
# 	6	308.4119		286.0180	
# 	7	  1.7767		153.6577	
# 	8	365.6794		183.7578	
# 	9	324.7899		 87.5628	
# 	10	412.9984		214.3727	
#Coord Manufacturers
# 	1	244.1450		 42.6510	
# 	2	168.0033		202.2401	
# 	3	198.8249		130.2042	
#Coord Warehouse
# 	1	277.9951		153.9415	
# 	2	292.6787		180.3117	
# 	3	362.3505		156.4941	
# 	4	408.8920		 95.7708	
# 	5	 40.7067		 90.2100	
# 	6	 51.2930		248.6044	
# 	7	 21.1033		187.8862	
# 	8	246.4138		245.7861	
# 	9	 89.5264		257.0551	
# 	10	158.2437		226.3943	
# 	11	133.1828		265.1809	
# 	12	146.4802		 49.5048	
# 	13	176.6382		 28.0381	
# 	14	369.4976		 45.3456	
# 	15	172.8515		283.2782	
#Coord Hybrids
# 	1	444.4315		136.8914	
# 	2	371.7552		 75.4122	
# 	3	268.8172		270.8495	
# 	4	240.5511		177.0604	
# 	5	 17.6768		107.1545	
# 	6	 35.8259		 91.6380	
# 	7	148.8237		232.1491	
# 	8	 17.9816		128.8477	
# 	9	141.7171		190.9473	
# 	10	155.8562		 12.9292	
#Coord Retailers
# 	1	395.9618		228.9722	
# 	2	395.1435		125.2527	
# 	3	272.5099		154.0400	
# 	4	269.0265		 78.6647	
# 	5	135.3921		  7.6199	
# 	6	136.3781		 72.6228	
# 	7	250.9102		169.6521	
# 	8	213.8095		 87.8394	
# 	9	 28.9130		293.6458	
# 	10	152.8685		148.5146	
# 	11	439.6863		132.2321	
# 	12	143.2228		155.9391	
# 	13	260.1614		256.1801	
# 	14	 30.6438		139.3592	
# 	15	351.8771		215.5808	
# 	16	263.7099		 11.1283	
# 	17	157.7954		168.9572	
# 	18	134.8784		153.7003	
# 	19	303.0601		 47.7581	
# 	20	 22.7150		101.3448	
# 	21	 48.6287		 53.6708	
# 	22	398.6222		109.6095	
# 	23	 98.4462		225.7489	
# 	24	 48.0958		223.3810	
# 	25	211.4034		179.4767	
# 	26	 66.4291		 55.2104	
# 	27	290.2824		 14.5884	
# 	28	111.8756		162.7226	
# 	29	102.0480		114.4235	
# 	30	415.0048		277.6071	
# 	31	255.0375		160.0413	
# 	32	  6.6870		293.3698	
# 	33	257.8630		237.5271	
# 	34	252.7008		263.2006	
# 	35	262.8881		212.6550	
# 	36	 66.8401		128.5352	
# 	37	312.2505		 31.3859	
# 	38	197.8224		 49.8606	
# 	39	228.1404		245.7108	
# 	40	 40.5480		240.0206	
#Coord Urban center
# 	1	254.3069		176.8043	
# 	2	 89.1453		130.8355	
# 	3	133.1567		 11.2673	
# 	4	 13.8082		135.9315	
# 	5	335.1888		167.1886	
# 	6	173.3011		 50.4218	

#Parameters

param I:=	5;	#Raw material
param S:=	10;	#Supplier
param M:=	3;	#Manufacturer
param H:=	10;	#Hybrid
param W:=	15;	#Warehouse
param C:=	40;	#Retailer
param P:=	3;	#Products
param T:=	5;	#Time period
param TV:=	2;	#Type of vehicle
param SZ:=	3;	#Size of vehicle
param UC:=	6;	#Urban centers

param CI_im:	1	2	3	:=	#Inventory holding cost/unit of raw material i at manufacturer m
1	3	3	3	 
2	3	3	3	 
3	3	3	3	 
4	3	3	3	 
5	3	3	3	 
; 
param CI_pw:	1	2	3	4	5	6	7	8	9	10	11	12	13	14	15	:=	#Inventory holding cost/unit of product p at depot w
1	3	3	3	3	3	3	3	3	3	3	3	3	3	3	3	 
2	3	3	3	3	3	3	3	3	3	3	3	3	3	3	3	 
3	3	3	3	3	3	3	3	3	3	3	3	3	3	3	3	 
;
param CP_pm:	1	2	3	:=	#Production cost of product p at manufacturer m
1	108.3826	105.9905	107.8271	 
2	108.4851	106.0316	107.8106	 
3	106.1574	100.2117	107.5046	 
;
param CT_ism:=	#Cost of raw material i per unit from supplier s to manufacturer m
[1,*,*]:1	2	3	:=
1	1294.0105	1364.6285	1378.2806	
2	1371.0052	1461.0964	1293.7035	
3	1253.6587	1462.1910	1435.6687	
4	1364.1744	1354.2246	1279.1824	
5	1334.6698	1273.6648	1428.9578	
6	1269.2714	1301.4875	1393.4441	
7	1323.4579	1413.9316	1450.8921	
8	1337.8033	1273.3601	1453.3290	
9	1446.2167	1348.3547	1466.1198	
10	1346.0077	1314.3257	1457.3505	
[2,*,*]:1	2	3	:=
1	1434.0957	1376.9003	1411.0817	
2	1303.2966	1473.9272	1491.4866	
3	1329.2504	1466.3882	1327.5709	
4	1256.3160	1262.2988	1296.1567	
5	1267.2583	1314.3689	1478.3954	
6	1364.4624	1282.5530	1452.4729	
7	1350.8674	1256.1082	1464.2078	
8	1318.5737	1427.2765	1338.9431	
9	1448.5773	1461.1547	1384.5369	
10	1389.7716	1280.6274	1344.4105	
[3,*,*]:1	2	3	:=
1	1357.1869	1377.8021	1472.9407	
2	1325.0526	1349.1105	1448.3184	
3	1353.0690	1296.2169	1460.0619	
4	1392.3179	1265.0126	1497.2292	
5	1307.1956	1403.6754	1342.0067	
6	1450.6940	1406.8905	1455.3041	
7	1322.0632	1318.6987	1400.2629	
8	1484.6285	1426.8241	1315.8508	
9	1280.5840	1364.6810	1493.7031	
10	1420.1436	1298.3135	1261.6848	
[4,*,*]:1	2	3	:=
1	1488.1610	1464.6622	1456.9758	
2	1490.9751	1399.7341	1482.7290	
3	1286.6921	1278.4901	1343.0072	
4	1441.6400	1330.2855	1409.5088	
5	1252.3053	1385.8662	1334.4387	
6	1474.5061	1485.1768	1346.0305	
7	1349.0294	1474.3199	1264.7056	
8	1351.3448	1282.5439	1271.7423	
9	1445.9911	1326.1433	1396.0139	
10	1469.6166	1470.1980	1400.2385	
[5,*,*]:1	2	3	:=
1	1411.3069	1264.1571	1324.3710	
2	1422.9436	1297.2573	1450.7518	
3	1378.6909	1439.3215	1294.4471	
4	1270.6550	1370.5179	1382.2135	
5	1424.0770	1301.1904	1417.8431	
6	1448.3174	1260.4344	1490.8394	
7	1493.8481	1387.6652	1266.2268	
8	1336.3092	1255.1075	1450.2129	
9	1301.9818	1285.8131	1424.9735	
10	1264.4874	1314.1519	1377.5830	
;
param CT_wc:=	#Cost of transportation/unit weight from depot w to retailer c1 (Matrix of the cost CTij)
[1,*,*]:1	2	3	4	5	6	7	8	9	10	11	12	13	14	15	16	17	18	19	20	21	22	23	24	25	26	27	28	29	30	31	32	33	34	35	36	37	38	39	40	:=
1	19545.7422	14546.7783	 30.0974	5747.0283	41745.6250	26668.1074	980.4191	8489.2812	81559.2109	15686.1211	26615.3262	18167.5859	10770.7832	61395.3438	9257.9561	20599.6621	14673.4570	20482.4473	11903.1553	67934.3906	62663.1719	16516.2070	37394.1172	57675.5508	5086.5122	54508.0078	19570.2578	27672.7988	32519.0684	34064.8125	564.2621	93048.3594	7391.8613	12577.3535	3675.4956	45231.9492	16193.2939	17260.4941	10907.1025	63790.7617	
2	13035.2383	13530.5117	1096.9827	10891.5361	54561.5273	36026.7812	1858.2388	14771.4785	82416.9766	20557.9492	23922.8652	22931.1133	6813.3970	70339.4297	4748.3604	29462.2012	18322.4453	25609.0996	17678.2188	79116.2266	75598.3281	16222.8145	39790.8086	61675.7734	6606.3813	66839.2188	27469.9492	32999.1367	40681.3359	24430.0469	1827.7546	94573.3984	4485.7402	8468.8027	1933.5685	53683.9102	22561.9336	26015.2070	8442.2422	67135.0625	
3	6382.7881	2051.4080	8077.3467	14766.7852	73673.6328	58097.8984	12592.0674	26777.8906	129991.1250	43946.3516	6569.4775	48017.2578	20379.8965	110322.9297	3600.9294	30861.1875	41998.1094	51751.3242	15338.8662	118393.7266	108993.9844	3513.8086	74441.6641	103229.8281	23313.2207	97827.8516	25331.0391	62776.4297	69527.3125	17440.8125	11528.6592	145231.4375	17483.9688	23409.3086	13046.7949	88108.1016	18162.0664	38440.2031	25971.9531	110533.4766	
4	17909.7871	1058.2053	21995.3750	19854.9883	82572.7969	74799.6562	30416.7031	38120.0938	183538.5781	68329.9375	2277.7153	74200.3672	47851.9375	144971.7031	17605.1406	28242.2129	68405.7734	78439.2656	13505.6123	149163.7812	131562.0781	296.9781	113270.8828	146458.2500	46008.4414	118926.0156	20658.8223	92701.2656	94501.1797	33101.7812	27801.9102	200814.2188	42904.6055	52428.4141	34979.0391	118073.0625	13484.9902	46658.1523	55153.1445	156485.2969	
5	145461.1406	126853.4141	57806.9922	52263.2148	15786.4434	9462.3350	50496.5430	29970.1973	41525.1914	15979.6953	160950.5938	14829.8516	75706.4375	2516.9082	112544.8672	55984.3242	19910.8770	12899.3262	70631.4688	447.6859	1397.8693	128479.8203	21704.6270	17789.0996	37105.8945	1886.6111	68006.6719	10323.0840	4349.0439	175216.6562	50814.0781	42431.2266	68859.1797	74867.2188	64357.3398	2151.7725	77196.3203	26313.3984	59311.8594	22443.2441	
6	119182.0625	133448.8125	57879.3711	76287.3906	65146.1758	38209.0273	46080.5039	52257.0234	2529.5867	20335.5684	164391.9062	17037.9492	43683.4219	12360.8945	91441.3984	101515.8281	17686.4414	15993.3320	103725.9375	22502.1055	38006.1914	139957.1719	2745.8066	646.4434	30413.9863	37630.3203	111879.4688	11045.9512	20580.5977	133127.4219	49355.2617	3993.6294	42793.8945	40778.1680	46064.8789	14658.3213	115282.7266	60969.9453	31283.3848	189.1347	
7	142206.9531	143828.9844	64350.8320	73395.2188	45557.8281	26573.9336	53143.6719	47145.0273	11246.0830	18912.1875	178309.0781	15933.7705	61812.8281	2445.8816	110178.2812	90101.2656	19043.0195	14113.4531	99135.5000	7492.0093	18771.3926	148647.7188	7415.5063	1988.4756	36284.8281	19657.2656	102489.5000	8872.8164	11948.8057	163208.1719	55500.5234	11334.6260	58519.3672	59309.6484	59073.3750	5614.3818	109259.0234	50280.6562	46208.0273	3096.0996	
8	22647.3320	36648.8281	9098.3584	28440.8984	69048.9375	42093.3828	5816.6040	26010.2031	49597.1367	18212.4570	50248.7812	18720.8672	297.0334	57883.3672	12034.8750	55363.4297	13755.8945	20919.9277	42423.8906	70904.4609	76027.2031	41711.4766	22295.8828	39831.9961	5622.6616	68713.5625	55376.8398	25000.0547	38097.6133	29435.4980	7426.5469	59733.1211	199.2964	342.7904	1369.0779	45994.4844	50301.9219	40747.9102	333.9220	42413.9453	
9	94691.3203	110773.6719	44095.0859	64043.4219	64321.5703	36210.3789	33684.0156	44080.2539	5012.8613	15793.2715	138192.7344	13107.7510	29117.0723	17319.4844	70548.0078	90819.8672	12421.8945	12739.0352	89401.8906	28709.4844	43037.7852	117280.4219	1059.6451	2850.4419	20872.4062	41274.7539	99093.0938	9398.1182	20500.5801	106358.5469	36805.6055	8181.1187	28718.5586	26663.6523	32025.6621	17032.0332	100532.6250	54657.5664	19342.5293	2689.0552	
10	56516.5586	66351.1328	18291.9180	34096.8672	48384.4180	24123.7891	11806.7588	22285.0215	21249.1895	6094.1421	88076.4688	5189.5654	11274.4170	23856.8398	37610.8320	57462.5586	3299.2200	5830.3584	52882.6797	34005.4219	41848.8359	71420.5234	3576.1531	12141.6338	5027.2139	37733.8320	62295.9766	6204.0859	15695.4238	68549.0000	13771.7637	27455.1387	10047.9492	10276.8496	11139.2285	17931.0234	61746.3828	32730.6035	5258.6743	14037.9463	
11	70363.9062	88203.3203	31764.3633	53241.8203	66342.5547	37088.8633	22985.5039	37950.6953	11682.4355	13998.5664	111619.8047	12034.5840	16204.5889	26345.3477	50287.3789	81580.0547	9864.7852	12430.8174	76131.0000	39045.4336	51885.9141	94660.5625	2761.5171	8987.0283	13463.6777	48543.6602	87476.9297	10951.7129	23697.1914	79578.0391	25902.9219	16795.7871	16309.8955	14288.4824	19582.4570	23073.4082	86725.3750	50541.1094	9396.0361	9214.2383	
12	94449.6172	67571.1797	26811.0977	15867.8887	1877.2855	636.4938	25341.0000	6002.7764	73426.8828	9843.7559	92813.6250	11338.8770	55638.1133	21491.9121	69769.1406	15215.5410	14396.9219	10991.3027	24520.3145	18005.2285	9592.2783	67188.1484	33369.2461	39912.4297	21107.7246	6440.7383	21898.2305	14015.7490	6188.6611	124136.0859	24002.9941	79012.2891	47758.5234	56948.7070	40168.7812	12588.3691	27808.0938	2636.1414	45165.1797	47517.9297	
13	88477.3594	57195.2656	25067.8672	11098.6562	2118.1399	3608.6587	25570.8555	4957.9023	92370.1406	15079.5752	80050.7344	17475.2461	59024.9023	33706.7539	65880.9688	7867.4248	20213.2422	17534.8457	16371.3926	29066.2168	17043.4590	55930.8047	45203.5156	54681.9609	24142.2695	12884.3730	13095.9199	22334.0840	13026.1191	119103.2969	23571.2832	99284.2812	50483.1094	61086.9023	41522.4336	22155.2891	18401.9297	924.9931	50033.8633	63457.1094	
14	34419.0664	7042.8643	21221.0742	11204.5977	56228.5977	55088.7031	29515.0703	26044.4922	177650.8281	57571.9766	12475.7324	63431.1992	56405.5820	123660.4531	29290.5137	12361.8574	60097.6406	66786.8594	4419.7534	123394.0703	103026.1406	4978.0913	106014.1562	134995.6719	42984.9219	91947.8203	7221.0410	80146.4062	76301.0156	56016.2852	26256.2031	193147.4844	49395.9961	61102.2578	39357.9922	98522.0781	3472.0925	29492.7598	60128.0547	146106.1562	
15	52727.3594	74385.7734	26634.3125	51116.3125	77390.6875	45706.0195	19004.0488	39873.8867	20825.7852	18560.5488	94015.7188	17093.1113	8357.3262	40935.7070	36633.0977	82320.7969	13295.9736	18232.3965	72423.9922	55640.7617	68150.8438	81133.2266	8845.7715	19151.6602	12260.9951	63340.6289	85984.2422	18251.7168	33525.0586	58670.3594	21941.8770	27712.4766	9320.1191	6779.0229	13094.2363	35183.8164	82881.8125	55107.2969	4468.1719	19375.4277	
[2,*,*]:1	2	3	4	5	6	7	8	9	10	11	12	13	14	15	16	17	18	19	20	21	22	23	24	25	26	27	28	29	30	31	32	33	34	35	36	37	38	39	40	:=
1	19545.7422	14546.7783	 30.0974	5747.0283	41745.6250	26668.1074	980.4191	8489.2812	81559.2109	15686.1211	26615.3262	18167.5859	10770.7832	61395.3438	9257.9561	20599.6621	14673.4570	20482.4473	11903.1553	67934.3906	62663.1719	16516.2070	37394.1172	57675.5508	5086.5122	54508.0078	19570.2578	27672.7988	32519.0684	34064.8125	564.2621	93048.3594	7391.8613	12577.3535	3675.4956	45231.9492	16193.2939	17260.4941	10907.1025	63790.7617	
2	13035.2383	13530.5117	1096.9827	10891.5361	54561.5273	36026.7812	1858.2388	14771.4785	82416.9766	20557.9492	23922.8652	22931.1133	6813.3970	70339.4297	4748.3604	29462.2012	18322.4453	25609.0996	17678.2188	79116.2266	75598.3281	16222.8145	39790.8086	61675.7734	6606.3813	66839.2188	27469.9492	32999.1367	40681.3359	24430.0469	1827.7546	94573.3984	4485.7402	8468.8027	1933.5685	53683.9102	22561.9336	26015.2070	8442.2422	67135.0625	
3	6382.7881	2051.4080	8077.3467	14766.7852	73673.6328	58097.8984	12592.0674	26777.8906	129991.1250	43946.3516	6569.4775	48017.2578	20379.8965	110322.9297	3600.9294	30861.1875	41998.1094	51751.3242	15338.8662	118393.7266	108993.9844	3513.8086	74441.6641	103229.8281	23313.2207	97827.8516	25331.0391	62776.4297	69527.3125	17440.8125	11528.6592	145231.4375	17483.9688	23409.3086	13046.7949	88108.1016	18162.0664	38440.2031	25971.9531	110533.4766	
4	17909.7871	1058.2053	21995.3750	19854.9883	82572.7969	74799.6562	30416.7031	38120.0938	183538.5781	68329.9375	2277.7153	74200.3672	47851.9375	144971.7031	17605.1406	28242.2129	68405.7734	78439.2656	13505.6123	149163.7812	131562.0781	296.9781	113270.8828	146458.2500	46008.4414	118926.0156	20658.8223	92701.2656	94501.1797	33101.7812	27801.9102	200814.2188	42904.6055	52428.4141	34979.0391	118073.0625	13484.9902	46658.1523	55153.1445	156485.2969	
5	145461.1406	126853.4141	57806.9922	52263.2148	15786.4434	9462.3350	50496.5430	29970.1973	41525.1914	15979.6953	160950.5938	14829.8516	75706.4375	2516.9082	112544.8672	55984.3242	19910.8770	12899.3262	70631.4688	447.6859	1397.8693	128479.8203	21704.6270	17789.0996	37105.8945	1886.6111	68006.6719	10323.0840	4349.0439	175216.6562	50814.0781	42431.2266	68859.1797	74867.2188	64357.3398	2151.7725	77196.3203	26313.3984	59311.8594	22443.2441	
6	119182.0625	133448.8125	57879.3711	76287.3906	65146.1758	38209.0273	46080.5039	52257.0234	2529.5867	20335.5684	164391.9062	17037.9492	43683.4219	12360.8945	91441.3984	101515.8281	17686.4414	15993.3320	103725.9375	22502.1055	38006.1914	139957.1719	2745.8066	646.4434	30413.9863	37630.3203	111879.4688	11045.9512	20580.5977	133127.4219	49355.2617	3993.6294	42793.8945	40778.1680	46064.8789	14658.3213	115282.7266	60969.9453	31283.3848	189.1347	
7	142206.9531	143828.9844	64350.8320	73395.2188	45557.8281	26573.9336	53143.6719	47145.0273	11246.0830	18912.1875	178309.0781	15933.7705	61812.8281	2445.8816	110178.2812	90101.2656	19043.0195	14113.4531	99135.5000	7492.0093	18771.3926	148647.7188	7415.5063	1988.4756	36284.8281	19657.2656	102489.5000	8872.8164	11948.8057	163208.1719	55500.5234	11334.6260	58519.3672	59309.6484	59073.3750	5614.3818	109259.0234	50280.6562	46208.0273	3096.0996	
8	22647.3320	36648.8281	9098.3584	28440.8984	69048.9375	42093.3828	5816.6040	26010.2031	49597.1367	18212.4570	50248.7812	18720.8672	297.0334	57883.3672	12034.8750	55363.4297	13755.8945	20919.9277	42423.8906	70904.4609	76027.2031	41711.4766	22295.8828	39831.9961	5622.6616	68713.5625	55376.8398	25000.0547	38097.6133	29435.4980	7426.5469	59733.1211	199.2964	342.7904	1369.0779	45994.4844	50301.9219	40747.9102	333.9220	42413.9453	
9	94691.3203	110773.6719	44095.0859	64043.4219	64321.5703	36210.3789	33684.0156	44080.2539	5012.8613	15793.2715	138192.7344	13107.7510	29117.0723	17319.4844	70548.0078	90819.8672	12421.8945	12739.0352	89401.8906	28709.4844	43037.7852	117280.4219	1059.6451	2850.4419	20872.4062	41274.7539	99093.0938	9398.1182	20500.5801	106358.5469	36805.6055	8181.1187	28718.5586	26663.6523	32025.6621	17032.0332	100532.6250	54657.5664	19342.5293	2689.0552	
10	56516.5586	66351.1328	18291.9180	34096.8672	48384.4180	24123.7891	11806.7588	22285.0215	21249.1895	6094.1421	88076.4688	5189.5654	11274.4170	23856.8398	37610.8320	57462.5586	3299.2200	5830.3584	52882.6797	34005.4219	41848.8359	71420.5234	3576.1531	12141.6338	5027.2139	37733.8320	62295.9766	6204.0859	15695.4238	68549.0000	13771.7637	27455.1387	10047.9492	10276.8496	11139.2285	17931.0234	61746.3828	32730.6035	5258.6743	14037.9463	
11	70363.9062	88203.3203	31764.3633	53241.8203	66342.5547	37088.8633	22985.5039	37950.6953	11682.4355	13998.5664	111619.8047	12034.5840	16204.5889	26345.3477	50287.3789	81580.0547	9864.7852	12430.8174	76131.0000	39045.4336	51885.9141	94660.5625	2761.5171	8987.0283	13463.6777	48543.6602	87476.9297	10951.7129	23697.1914	79578.0391	25902.9219	16795.7871	16309.8955	14288.4824	19582.4570	23073.4082	86725.3750	50541.1094	9396.0361	9214.2383	
12	94449.6172	67571.1797	26811.0977	15867.8887	1877.2855	636.4938	25341.0000	6002.7764	73426.8828	9843.7559	92813.6250	11338.8770	55638.1133	21491.9121	69769.1406	15215.5410	14396.9219	10991.3027	24520.3145	18005.2285	9592.2783	67188.1484	33369.2461	39912.4297	21107.7246	6440.7383	21898.2305	14015.7490	6188.6611	124136.0859	24002.9941	79012.2891	47758.5234	56948.7070	40168.7812	12588.3691	27808.0938	2636.1414	45165.1797	47517.9297	
13	88477.3594	57195.2656	25067.8672	11098.6562	2118.1399	3608.6587	25570.8555	4957.9023	92370.1406	15079.5752	80050.7344	17475.2461	59024.9023	33706.7539	65880.9688	7867.4248	20213.2422	17534.8457	16371.3926	29066.2168	17043.4590	55930.8047	45203.5156	54681.9609	24142.2695	12884.3730	13095.9199	22334.0840	13026.1191	119103.2969	23571.2832	99284.2812	50483.1094	61086.9023	41522.4336	22155.2891	18401.9297	924.9931	50033.8633	63457.1094	
14	34419.0664	7042.8643	21221.0742	11204.5977	56228.5977	55088.7031	29515.0703	26044.4922	177650.8281	57571.9766	12475.7324	63431.1992	56405.5820	123660.4531	29290.5137	12361.8574	60097.6406	66786.8594	4419.7534	123394.0703	103026.1406	4978.0913	106014.1562	134995.6719	42984.9219	91947.8203	7221.0410	80146.4062	76301.0156	56016.2852	26256.2031	193147.4844	49395.9961	61102.2578	39357.9922	98522.0781	3472.0925	29492.7598	60128.0547	146106.1562	
15	52727.3594	74385.7734	26634.3125	51116.3125	77390.6875	45706.0195	19004.0488	39873.8867	20825.7852	18560.5488	94015.7188	17093.1113	8357.3262	40935.7070	36633.0977	82320.7969	13295.9736	18232.3965	72423.9922	55640.7617	68150.8438	81133.2266	8845.7715	19151.6602	12260.9951	63340.6289	85984.2422	18251.7168	33525.0586	58670.3594	21941.8770	27712.4766	9320.1191	6779.0229	13094.2363	35183.8164	82881.8125	55107.2969	4468.1719	19375.4277	
[3,*,*]:1	2	3	4	5	6	7	8	9	10	11	12	13	14	15	16	17	18	19	20	21	22	23	24	25	26	27	28	29	30	31	32	33	34	35	36	37	38	39	40	:=
1	19545.7422	14546.7783	 30.0974	5747.0283	41745.6250	26668.1074	980.4191	8489.2812	81559.2109	15686.1211	26615.3262	18167.5859	10770.7832	61395.3438	9257.9561	20599.6621	14673.4570	20482.4473	11903.1553	67934.3906	62663.1719	16516.2070	37394.1172	57675.5508	5086.5122	54508.0078	19570.2578	27672.7988	32519.0684	34064.8125	564.2621	93048.3594	7391.8613	12577.3535	3675.4956	45231.9492	16193.2939	17260.4941	10907.1025	63790.7617	
2	13035.2383	13530.5117	1096.9827	10891.5361	54561.5273	36026.7812	1858.2388	14771.4785	82416.9766	20557.9492	23922.8652	22931.1133	6813.3970	70339.4297	4748.3604	29462.2012	18322.4453	25609.0996	17678.2188	79116.2266	75598.3281	16222.8145	39790.8086	61675.7734	6606.3813	66839.2188	27469.9492	32999.1367	40681.3359	24430.0469	1827.7546	94573.3984	4485.7402	8468.8027	1933.5685	53683.9102	22561.9336	26015.2070	8442.2422	67135.0625	
3	6382.7881	2051.4080	8077.3467	14766.7852	73673.6328	58097.8984	12592.0674	26777.8906	129991.1250	43946.3516	6569.4775	48017.2578	20379.8965	110322.9297	3600.9294	30861.1875	41998.1094	51751.3242	15338.8662	118393.7266	108993.9844	3513.8086	74441.6641	103229.8281	23313.2207	97827.8516	25331.0391	62776.4297	69527.3125	17440.8125	11528.6592	145231.4375	17483.9688	23409.3086	13046.7949	88108.1016	18162.0664	38440.2031	25971.9531	110533.4766	
4	17909.7871	1058.2053	21995.3750	19854.9883	82572.7969	74799.6562	30416.7031	38120.0938	183538.5781	68329.9375	2277.7153	74200.3672	47851.9375	144971.7031	17605.1406	28242.2129	68405.7734	78439.2656	13505.6123	149163.7812	131562.0781	296.9781	113270.8828	146458.2500	46008.4414	118926.0156	20658.8223	92701.2656	94501.1797	33101.7812	27801.9102	200814.2188	42904.6055	52428.4141	34979.0391	118073.0625	13484.9902	46658.1523	55153.1445	156485.2969	
5	145461.1406	126853.4141	57806.9922	52263.2148	15786.4434	9462.3350	50496.5430	29970.1973	41525.1914	15979.6953	160950.5938	14829.8516	75706.4375	2516.9082	112544.8672	55984.3242	19910.8770	12899.3262	70631.4688	447.6859	1397.8693	128479.8203	21704.6270	17789.0996	37105.8945	1886.6111	68006.6719	10323.0840	4349.0439	175216.6562	50814.0781	42431.2266	68859.1797	74867.2188	64357.3398	2151.7725	77196.3203	26313.3984	59311.8594	22443.2441	
6	119182.0625	133448.8125	57879.3711	76287.3906	65146.1758	38209.0273	46080.5039	52257.0234	2529.5867	20335.5684	164391.9062	17037.9492	43683.4219	12360.8945	91441.3984	101515.8281	17686.4414	15993.3320	103725.9375	22502.1055	38006.1914	139957.1719	2745.8066	646.4434	30413.9863	37630.3203	111879.4688	11045.9512	20580.5977	133127.4219	49355.2617	3993.6294	42793.8945	40778.1680	46064.8789	14658.3213	115282.7266	60969.9453	31283.3848	189.1347	
7	142206.9531	143828.9844	64350.8320	73395.2188	45557.8281	26573.9336	53143.6719	47145.0273	11246.0830	18912.1875	178309.0781	15933.7705	61812.8281	2445.8816	110178.2812	90101.2656	19043.0195	14113.4531	99135.5000	7492.0093	18771.3926	148647.7188	7415.5063	1988.4756	36284.8281	19657.2656	102489.5000	8872.8164	11948.8057	163208.1719	55500.5234	11334.6260	58519.3672	59309.6484	59073.3750	5614.3818	109259.0234	50280.6562	46208.0273	3096.0996	
8	22647.3320	36648.8281	9098.3584	28440.8984	69048.9375	42093.3828	5816.6040	26010.2031	49597.1367	18212.4570	50248.7812	18720.8672	297.0334	57883.3672	12034.8750	55363.4297	13755.8945	20919.9277	42423.8906	70904.4609	76027.2031	41711.4766	22295.8828	39831.9961	5622.6616	68713.5625	55376.8398	25000.0547	38097.6133	29435.4980	7426.5469	59733.1211	199.2964	342.7904	1369.0779	45994.4844	50301.9219	40747.9102	333.9220	42413.9453	
9	94691.3203	110773.6719	44095.0859	64043.4219	64321.5703	36210.3789	33684.0156	44080.2539	5012.8613	15793.2715	138192.7344	13107.7510	29117.0723	17319.4844	70548.0078	90819.8672	12421.8945	12739.0352	89401.8906	28709.4844	43037.7852	117280.4219	1059.6451	2850.4419	20872.4062	41274.7539	99093.0938	9398.1182	20500.5801	106358.5469	36805.6055	8181.1187	28718.5586	26663.6523	32025.6621	17032.0332	100532.6250	54657.5664	19342.5293	2689.0552	
10	56516.5586	66351.1328	18291.9180	34096.8672	48384.4180	24123.7891	11806.7588	22285.0215	21249.1895	6094.1421	88076.4688	5189.5654	11274.4170	23856.8398	37610.8320	57462.5586	3299.2200	5830.3584	52882.6797	34005.4219	41848.8359	71420.5234	3576.1531	12141.6338	5027.2139	37733.8320	62295.9766	6204.0859	15695.4238	68549.0000	13771.7637	27455.1387	10047.9492	10276.8496	11139.2285	17931.0234	61746.3828	32730.6035	5258.6743	14037.9463	
11	70363.9062	88203.3203	31764.3633	53241.8203	66342.5547	37088.8633	22985.5039	37950.6953	11682.4355	13998.5664	111619.8047	12034.5840	16204.5889	26345.3477	50287.3789	81580.0547	9864.7852	12430.8174	76131.0000	39045.4336	51885.9141	94660.5625	2761.5171	8987.0283	13463.6777	48543.6602	87476.9297	10951.7129	23697.1914	79578.0391	25902.9219	16795.7871	16309.8955	14288.4824	19582.4570	23073.4082	86725.3750	50541.1094	9396.0361	9214.2383	
12	94449.6172	67571.1797	26811.0977	15867.8887	1877.2855	636.4938	25341.0000	6002.7764	73426.8828	9843.7559	92813.6250	11338.8770	55638.1133	21491.9121	69769.1406	15215.5410	14396.9219	10991.3027	24520.3145	18005.2285	9592.2783	67188.1484	33369.2461	39912.4297	21107.7246	6440.7383	21898.2305	14015.7490	6188.6611	124136.0859	24002.9941	79012.2891	47758.5234	56948.7070	40168.7812	12588.3691	27808.0938	2636.1414	45165.1797	47517.9297	
13	88477.3594	57195.2656	25067.8672	11098.6562	2118.1399	3608.6587	25570.8555	4957.9023	92370.1406	15079.5752	80050.7344	17475.2461	59024.9023	33706.7539	65880.9688	7867.4248	20213.2422	17534.8457	16371.3926	29066.2168	17043.4590	55930.8047	45203.5156	54681.9609	24142.2695	12884.3730	13095.9199	22334.0840	13026.1191	119103.2969	23571.2832	99284.2812	50483.1094	61086.9023	41522.4336	22155.2891	18401.9297	924.9931	50033.8633	63457.1094	
14	34419.0664	7042.8643	21221.0742	11204.5977	56228.5977	55088.7031	29515.0703	26044.4922	177650.8281	57571.9766	12475.7324	63431.1992	56405.5820	123660.4531	29290.5137	12361.8574	60097.6406	66786.8594	4419.7534	123394.0703	103026.1406	4978.0913	106014.1562	134995.6719	42984.9219	91947.8203	7221.0410	80146.4062	76301.0156	56016.2852	26256.2031	193147.4844	49395.9961	61102.2578	39357.9922	98522.0781	3472.0925	29492.7598	60128.0547	146106.1562	
15	52727.3594	74385.7734	26634.3125	51116.3125	77390.6875	45706.0195	19004.0488	39873.8867	20825.7852	18560.5488	94015.7188	17093.1113	8357.3262	40935.7070	36633.0977	82320.7969	13295.9736	18232.3965	72423.9922	55640.7617	68150.8438	81133.2266	8845.7715	19151.6602	12260.9951	63340.6289	85984.2422	18251.7168	33525.0586	58670.3594	21941.8770	27712.4766	9320.1191	6779.0229	13094.2363	35183.8164	82881.8125	55107.2969	4468.1719	19375.4277	
;
param DEM_pct:=	#Demand of product 1 at retailer c at time period t
[1,*,*]:	1	2	3	4	5	:=
1	599.0000	429.0000	490.0000	520.0000	419.0000	 
2	458.0000	544.0000	510.0000	568.0000	516.0000	 
3	437.0000	523.0000	577.0000	503.0000	525.0000	 
4	501.0000	582.0000	483.0000	507.0000	469.0000	 
5	426.0000	533.0000	587.0000	523.0000	569.0000	 
6	444.0000	581.0000	402.0000	445.0000	426.0000	 
7	582.0000	582.0000	516.0000	417.0000	423.0000	 
8	554.0000	547.0000	417.0000	471.0000	555.0000	 
9	426.0000	508.0000	551.0000	455.0000	513.0000	 
10	495.0000	511.0000	488.0000	539.0000	544.0000	 
11	551.0000	407.0000	536.0000	495.0000	420.0000	 
12	523.0000	568.0000	547.0000	464.0000	414.0000	 
13	407.0000	512.0000	432.0000	454.0000	447.0000	 
14	404.0000	430.0000	407.0000	596.0000	472.0000	 
15	565.0000	482.0000	451.0000	447.0000	555.0000	 
16	534.0000	541.0000	571.0000	504.0000	489.0000	 
17	511.0000	530.0000	558.0000	578.0000	462.0000	 
18	427.0000	550.0000	505.0000	557.0000	486.0000	 
19	568.0000	507.0000	450.0000	412.0000	418.0000	 
20	435.0000	488.0000	562.0000	582.0000	515.0000	 
21	458.0000	530.0000	528.0000	501.0000	593.0000	 
22	561.0000	586.0000	523.0000	596.0000	543.0000	 
23	402.0000	458.0000	568.0000	489.0000	435.0000	 
24	423.0000	560.0000	530.0000	500.0000	457.0000	 
25	527.0000	474.0000	508.0000	552.0000	568.0000	 
26	421.0000	502.0000	529.0000	431.0000	400.0000	 
27	593.0000	562.0000	455.0000	456.0000	424.0000	 
28	496.0000	586.0000	583.0000	449.0000	479.0000	 
29	594.0000	455.0000	588.0000	554.0000	577.0000	 
30	574.0000	429.0000	558.0000	582.0000	568.0000	 
31	542.0000	461.0000	471.0000	447.0000	418.0000	 
32	439.0000	523.0000	586.0000	538.0000	513.0000	 
33	453.0000	505.0000	561.0000	459.0000	437.0000	 
34	404.0000	549.0000	408.0000	487.0000	566.0000	 
35	403.0000	502.0000	496.0000	406.0000	402.0000	 
36	466.0000	412.0000	520.0000	577.0000	482.0000	 
37	408.0000	416.0000	416.0000	562.0000	560.0000	 
38	403.0000	572.0000	582.0000	480.0000	457.0000	 
39	569.0000	523.0000	428.0000	446.0000	568.0000	 
40	569.0000	444.0000	562.0000	507.0000	522.0000	 
[2,*,*]:	1	2	3	4	5	:=
1	505.0000	528.0000	401.0000	405.0000	538.0000	 
2	434.0000	539.0000	457.0000	411.0000	516.0000	 
3	459.0000	465.0000	593.0000	439.0000	469.0000	 
4	421.0000	480.0000	419.0000	501.0000	549.0000	 
5	401.0000	418.0000	411.0000	577.0000	597.0000	 
6	504.0000	440.0000	587.0000	531.0000	558.0000	 
7	502.0000	558.0000	467.0000	423.0000	581.0000	 
8	401.0000	415.0000	426.0000	588.0000	461.0000	 
9	443.0000	451.0000	419.0000	480.0000	546.0000	 
10	530.0000	450.0000	445.0000	499.0000	573.0000	 
11	527.0000	551.0000	487.0000	480.0000	545.0000	 
12	474.0000	511.0000	416.0000	519.0000	456.0000	 
13	548.0000	460.0000	552.0000	445.0000	401.0000	 
14	428.0000	459.0000	439.0000	510.0000	442.0000	 
15	556.0000	497.0000	528.0000	434.0000	585.0000	 
16	543.0000	431.0000	545.0000	437.0000	566.0000	 
17	439.0000	592.0000	510.0000	445.0000	443.0000	 
18	526.0000	527.0000	461.0000	563.0000	484.0000	 
19	563.0000	453.0000	597.0000	574.0000	490.0000	 
20	467.0000	406.0000	598.0000	536.0000	438.0000	 
21	409.0000	403.0000	532.0000	422.0000	462.0000	 
22	462.0000	423.0000	589.0000	595.0000	581.0000	 
23	559.0000	413.0000	543.0000	491.0000	430.0000	 
24	529.0000	406.0000	551.0000	578.0000	402.0000	 
25	465.0000	566.0000	423.0000	405.0000	563.0000	 
26	450.0000	450.0000	432.0000	455.0000	486.0000	 
27	452.0000	473.0000	470.0000	467.0000	461.0000	 
28	463.0000	454.0000	580.0000	593.0000	579.0000	 
29	475.0000	530.0000	462.0000	562.0000	561.0000	 
30	559.0000	422.0000	562.0000	556.0000	577.0000	 
31	464.0000	421.0000	432.0000	535.0000	543.0000	 
32	447.0000	561.0000	584.0000	597.0000	599.0000	 
33	503.0000	540.0000	415.0000	580.0000	563.0000	 
34	472.0000	595.0000	477.0000	403.0000	404.0000	 
35	509.0000	489.0000	405.0000	474.0000	484.0000	 
36	481.0000	600.0000	431.0000	487.0000	454.0000	 
37	594.0000	518.0000	541.0000	530.0000	551.0000	 
38	577.0000	451.0000	446.0000	521.0000	447.0000	 
39	546.0000	533.0000	448.0000	437.0000	463.0000	 
40	473.0000	518.0000	552.0000	464.0000	500.0000	 
[3,*,*]:	1	2	3	4	5	:=
1	517.0000	453.0000	543.0000	491.0000	530.0000	 
2	501.0000	486.0000	544.0000	402.0000	416.0000	 
3	515.0000	563.0000	512.0000	521.0000	444.0000	 
4	584.0000	441.0000	538.0000	475.0000	442.0000	 
5	564.0000	423.0000	555.0000	497.0000	590.0000	 
6	510.0000	505.0000	575.0000	529.0000	466.0000	 
7	402.0000	427.0000	554.0000	567.0000	533.0000	 
8	515.0000	582.0000	543.0000	496.0000	541.0000	 
9	528.0000	405.0000	561.0000	549.0000	477.0000	 
10	517.0000	447.0000	598.0000	518.0000	440.0000	 
11	598.0000	571.0000	469.0000	531.0000	587.0000	 
12	512.0000	523.0000	494.0000	599.0000	587.0000	 
13	406.0000	490.0000	468.0000	431.0000	459.0000	 
14	543.0000	497.0000	462.0000	584.0000	539.0000	 
15	455.0000	559.0000	600.0000	541.0000	495.0000	 
16	559.0000	507.0000	515.0000	593.0000	589.0000	 
17	518.0000	446.0000	499.0000	487.0000	466.0000	 
18	521.0000	419.0000	423.0000	594.0000	591.0000	 
19	476.0000	598.0000	544.0000	585.0000	466.0000	 
20	569.0000	521.0000	568.0000	418.0000	470.0000	 
21	486.0000	561.0000	448.0000	401.0000	478.0000	 
22	584.0000	431.0000	550.0000	589.0000	450.0000	 
23	431.0000	469.0000	458.0000	454.0000	495.0000	 
24	512.0000	401.0000	569.0000	427.0000	552.0000	 
25	416.0000	553.0000	473.0000	448.0000	552.0000	 
26	411.0000	490.0000	580.0000	581.0000	494.0000	 
27	566.0000	534.0000	452.0000	472.0000	586.0000	 
28	576.0000	592.0000	444.0000	430.0000	425.0000	 
29	496.0000	451.0000	589.0000	498.0000	544.0000	 
30	599.0000	487.0000	404.0000	403.0000	494.0000	 
31	528.0000	421.0000	444.0000	547.0000	543.0000	 
32	592.0000	546.0000	568.0000	519.0000	536.0000	 
33	542.0000	435.0000	476.0000	480.0000	477.0000	 
34	437.0000	485.0000	548.0000	598.0000	414.0000	 
35	570.0000	557.0000	496.0000	460.0000	497.0000	 
36	479.0000	580.0000	456.0000	419.0000	501.0000	 
37	436.0000	446.0000	540.0000	577.0000	579.0000	 
38	561.0000	557.0000	562.0000	465.0000	524.0000	 
39	436.0000	571.0000	592.0000	451.0000	414.0000	 
40	546.0000	583.0000	569.0000	403.0000	486.0000	 
;
param FCW_w:=	#Fixed operating cost for depot w
1	9581.6143
2	9685.6494
3	8560.9414
4	11044.9541
5	10769.8330
6	10447.3096
7	11715.6406
8	10861.6738
9	9292.2939
10	11264.1787
11	11788.1211
12	8645.3789
13	10115.9141
14	11117.3623
15	9431.3057
;
param OFF_ip:	1	2	3	:=	#Off take of raw material i for product p
1	0.50	0.50	0.50	
2	0.50	0.50	0.50	
3	0.50	0.50	0.50	
4	0.50	0.50	0.50	
5	0.50	0.50	0.50	
;
param PS_m:=	#Storage capacity at manufacturer m
1	130501.0000
2	180449.0000
3	158202.0000
;
param PS_w:=	#Storage capacity at depot w
1	168667.0000
2	105952.0000
3	171737.0000
4	149644.0000
5	173803.0000
6	119131.0000
7	96335.0000
8	200815.0000
9	92114.0000
10	91936.0000
11	144055.0000
12	137452.0000
13	217142.0000
14	137028.0000
15	124059.0000
;
param PS_h:=	#Storage capacity in hybrid facility h
1	123406.0000
2	112552.0000
3	186120.0000
4	79477.0000
5	172513.0000
6	84883.0000
7	111197.0000
8	88701.0000
9	189431.0000
10	107461.0000
;
param W_p:=	#Weight of product p
1	1.00
2	1.00
3	1.00
;
param B_p:=	#Disposal rate of product p (rand [0,1])
1	  0.0200
2	  0.0200
3	  0.0200
;
param CI_ph:	1	2	3	4	5	6	7	8	9	10	:=	#Inventory holding cost per unit of product p at hybrid facility h
1	3	3	3	3	3	3	3	3	3	3	 
2	3	3	3	3	3	3	3	3	3	3	 
3	3	3	3	3	3	3	3	3	3	3	 
;
param CT_mw:=	#Cost of transportation/unit weight from manufacturer m to depot w
[1,*,*]:1	2	3	4	5	6	7	8	9	10	11	12	13	14	15	:=
1	13531.3994	21305.9844	26932.7969	29963.3125	43648.9805	79608.6875	70840.8125	41269.0117	69876.0156	41140.6250	61832.1719	9585.3740	4770.7056	15720.5352	62984.1992	 
2	14430.9531	16024.8105	39863.4961	69363.0625	28755.1680	15770.9648	21785.6484	8044.4492	9163.3184	678.6773	5174.0234	23791.3223	30420.8848	65215.7930	6590.6812	 
3	6831.3828	11319.2998	27431.7656	45313.8477	26600.9023	35784.2891	34912.1719	15623.8750	28037.3242	10899.3740	22527.6152	9252.3652	10930.1602	36330.1289	24106.2695	 
[2,*,*]:1	2	3	4	5	6	7	8	9	10	11	12	13	14	15	:=
1	13531.3994	21305.9844	26932.7969	29963.3125	43648.9805	79608.6875	70840.8125	41269.0117	69876.0156	41140.6250	61832.1719	9585.3740	4770.7056	15720.5352	62984.1992	 
2	14430.9531	16024.8105	39863.4961	69363.0625	28755.1680	15770.9648	21785.6484	8044.4492	9163.3184	678.6773	5174.0234	23791.3223	30420.8848	65215.7930	6590.6812	 
3	6831.3828	11319.2998	27431.7656	45313.8477	26600.9023	35784.2891	34912.1719	15623.8750	28037.3242	10899.3740	22527.6152	9252.3652	10930.1602	36330.1289	24106.2695	 
[3,*,*]:1	2	3	4	5	6	7	8	9	10	11	12	13	14	15	:=
1	13531.3994	21305.9844	26932.7969	29963.3125	43648.9805	79608.6875	70840.8125	41269.0117	69876.0156	41140.6250	61832.1719	9585.3740	4770.7056	15720.5352	62984.1992	 
2	14430.9531	16024.8105	39863.4961	69363.0625	28755.1680	15770.9648	21785.6484	8044.4492	9163.3184	678.6773	5174.0234	23791.3223	30420.8848	65215.7930	6590.6812	 
3	6831.3828	11319.2998	27431.7656	45313.8477	26600.9023	35784.2891	34912.1719	15623.8750	28037.3242	10899.3740	22527.6152	9252.3652	10930.1602	36330.1289	24106.2695	 
;
param CT_hc:=	#Cost of transportation/unit weight from hybrid facility h, to retailer c
[1,*,*]:1	2	3	4	5	6	7	8	9	10	11	12	13	14	15	16	17	18	19	20	21	22	23	24	25	26	27	28	29	30	31	32	33	34	35	36	37	38	39	40	:=
1	10828.1816	2564.7610	29851.0918	34157.2461	112216.4297	99027.2969	38523.7461	55592.5781	197227.5625	85144.0391	 44.2247	91089.4844	48185.2617	171226.3438	14758.3418	48476.6328	83188.4609	96105.6016	27930.5879	179108.3594	163585.4844	2842.7891	127601.4375	164562.3906	56115.5977	149557.5625	38719.9336	111260.6250	117731.2344	20666.8379	36406.0000	216105.7031	44935.3359	52714.6602	38698.1055	142645.0938	28603.1895	68390.3906	58623.4922	173757.4531	 
2	24166.6133	3031.0854	16031.9590	10563.7764	60463.3398	55410.1641	23484.6797	25101.2910	165166.7031	53255.3477	7843.1309	58711.6719	45130.2109	120446.2578	20042.3789	15806.2246	54529.4844	62239.6328	5483.7710	122501.6094	104883.4609	1891.2845	97298.9141	126650.1641	36542.1367	93632.1797	10337.3584	75160.5078	74263.8750	42753.2656	20785.1094	180780.3125	39252.6719	49438.4180	30687.6113	95795.3281	5479.1255	30905.5352	49626.8203	136794.1406	 
3	17919.4590	37156.7461	13658.1006	36935.0469	87092.0781	56833.9609	10561.5791	36518.5547	58073.7188	28409.9355	48411.0156	28978.3770	290.1147	74016.2891	9953.5693	67481.1797	22707.8945	31663.5469	50942.3477	89298.1953	95649.5703	42847.6719	31060.3496	50971.2070	11645.3398	87461.1641	66130.5156	36322.1016	52281.0859	21416.4590	12468.3516	69219.4141	1230.3785	318.2457	3421.7617	61048.1367	59229.2656	53876.3555	2286.5627	53057.2539	 
4	26847.3320	26582.8516	1551.3075	10492.5645	39768.4844	21759.2227	162.1943	8675.5010	58382.8242	8503.0918	41664.4180	9918.9102	6644.4932	45482.4531	13877.3096	28069.7871	6914.1660	11712.4004	20626.4590	53185.4336	52059.1836	29536.1055	22564.3555	39184.6211	855.4264	45165.8750	28870.3652	16762.9453	23106.4902	40543.7188	499.5074	68220.2656	3955.9238	7567.7422	1765.9154	32530.2109	26361.8691	18005.5234	4866.8975	43965.2109	 
5	157939.0938	142808.6562	67138.1719	63988.3438	23764.0273	15282.4551	58303.7617	38841.1172	34905.2305	19987.4609	178720.9219	18141.7246	81007.4141	1205.2860	123446.1172	69753.3125	23452.7910	15902.7344	84971.5781	 59.1364	3818.5244	145125.4375	20588.3164	14433.9023	42760.4922	5074.9741	82882.3281	11961.2295	7171.3384	186923.5781	59137.1055	34796.8945	74686.4219	79586.6562	71258.9375	2874.1611	92514.5859	35735.0156	63492.7539	18176.4961	 
6	148558.5625	130239.0859	59913.3359	54550.8203	16972.4570	10472.3320	52347.4531	31692.5957	40854.9336	16933.9277	164751.1250	15668.7207	77400.5391	2304.1738	115250.2031	58412.9062	20854.8203	13663.1357	73339.5703	266.1188	1605.4142	131944.1250	21907.0352	17506.7676	38543.0977	2263.5198	70684.7734	10836.5820	4904.5449	178361.1094	52732.7266	41544.7969	70584.1172	76468.4531	66202.3672	2323.2849	80040.8984	27988.1992	60723.2891	22039.7129	 
7	61087.3438	72100.2656	21399.3086	38006.1641	50593.7422	25603.5391	14327.5225	25048.4414	18160.4219	7011.0889	94584.4453	5839.3335	12973.5762	22576.4492	41505.1953	62049.0039	4073.7026	6348.6880	57788.8984	33013.1875	41893.5234	77415.2344	2578.8533	10222.9873	6690.5947	38096.1523	67343.2266	6185.2007	16047.2871	72918.7891	16480.9043	23950.8125	11918.4932	11754.6475	13390.7129	17457.1504	67014.1797	35629.9414	6475.0552	11785.5840	 
8	152893.9219	142264.0000	65419.2930	65541.8438	28481.3730	17178.9707	55920.7109	40030.2305	27277.9062	18581.2617	177846.2656	16419.2832	74864.5938	270.8228	119008.8203	74240.2031	21156.6582	14282.5146	87845.2656	778.8132	6590.7944	145257.3438	15864.3906	9843.4102	39975.2695	7769.5938	87202.8984	9963.5908	7275.2095	179756.7344	57168.5078	27195.0977	69354.2891	73143.7891	67002.8438	2387.2422	96092.9844	38581.6289	57823.6836	12868.6709	 
9	66086.2734	68540.7266	18468.9160	28815.0703	33648.9375	14029.2080	12376.6191	15828.5635	23271.7344	1924.8921	92233.1328	1227.8440	18284.3730	14998.6133	44774.0430	47217.1133	742.0765	1434.1112	46534.7266	22190.1289	27510.2832	72616.0703	3083.5142	9816.8848	4987.7544	24092.7812	53174.1367	1687.1495	7429.5386	82196.0469	13796.6953	28723.4805	15659.5508	17537.9160	15153.6406	9501.8408	54541.5000	23053.2539	10468.0205	12643.3701	 
10	104325.2656	69874.9766	33520.3438	17128.6680	446.9688	3942.7161	33597.3242	8970.1211	94916.3672	18392.3242	94792.7109	20611.4316	70050.5781	31662.7109	79491.8750	11635.6533	24348.5020	20256.5566	22882.0430	25543.9082	13157.6240	68282.3984	48588.1133	55902.2500	30823.5625	9784.9141	18073.1621	24372.3438	13196.4092	137212.3438	31478.8809	100898.3750	60849.6016	72014.6250	51346.2031	21288.6270	24799.8379	3125.0884	59412.2578	64866.5000	 
[2,*,*]:1	2	3	4	5	6	7	8	9	10	11	12	13	14	15	16	17	18	19	20	21	22	23	24	25	26	27	28	29	30	31	32	33	34	35	36	37	38	39	40	:=
1	10828.1816	2564.7610	29851.0918	34157.2461	112216.4297	99027.2969	38523.7461	55592.5781	197227.5625	85144.0391	 44.2247	91089.4844	48185.2617	171226.3438	14758.3418	48476.6328	83188.4609	96105.6016	27930.5879	179108.3594	163585.4844	2842.7891	127601.4375	164562.3906	56115.5977	149557.5625	38719.9336	111260.6250	117731.2344	20666.8379	36406.0000	216105.7031	44935.3359	52714.6602	38698.1055	142645.0938	28603.1895	68390.3906	58623.4922	173757.4531	 
2	24166.6133	3031.0854	16031.9590	10563.7764	60463.3398	55410.1641	23484.6797	25101.2910	165166.7031	53255.3477	7843.1309	58711.6719	45130.2109	120446.2578	20042.3789	15806.2246	54529.4844	62239.6328	5483.7710	122501.6094	104883.4609	1891.2845	97298.9141	126650.1641	36542.1367	93632.1797	10337.3584	75160.5078	74263.8750	42753.2656	20785.1094	180780.3125	39252.6719	49438.4180	30687.6113	95795.3281	5479.1255	30905.5352	49626.8203	136794.1406	 
3	17919.4590	37156.7461	13658.1006	36935.0469	87092.0781	56833.9609	10561.5791	36518.5547	58073.7188	28409.9355	48411.0156	28978.3770	290.1147	74016.2891	9953.5693	67481.1797	22707.8945	31663.5469	50942.3477	89298.1953	95649.5703	42847.6719	31060.3496	50971.2070	11645.3398	87461.1641	66130.5156	36322.1016	52281.0859	21416.4590	12468.3516	69219.4141	1230.3785	318.2457	3421.7617	61048.1367	59229.2656	53876.3555	2286.5627	53057.2539	 
4	26847.3320	26582.8516	1551.3075	10492.5645	39768.4844	21759.2227	162.1943	8675.5010	58382.8242	8503.0918	41664.4180	9918.9102	6644.4932	45482.4531	13877.3096	28069.7871	6914.1660	11712.4004	20626.4590	53185.4336	52059.1836	29536.1055	22564.3555	39184.6211	855.4264	45165.8750	28870.3652	16762.9453	23106.4902	40543.7188	499.5074	68220.2656	3955.9238	7567.7422	1765.9154	32530.2109	26361.8691	18005.5234	4866.8975	43965.2109	 
5	157939.0938	142808.6562	67138.1719	63988.3438	23764.0273	15282.4551	58303.7617	38841.1172	34905.2305	19987.4609	178720.9219	18141.7246	81007.4141	1205.2860	123446.1172	69753.3125	23452.7910	15902.7344	84971.5781	 59.1364	3818.5244	145125.4375	20588.3164	14433.9023	42760.4922	5074.9741	82882.3281	11961.2295	7171.3384	186923.5781	59137.1055	34796.8945	74686.4219	79586.6562	71258.9375	2874.1611	92514.5859	35735.0156	63492.7539	18176.4961	 
6	148558.5625	130239.0859	59913.3359	54550.8203	16972.4570	10472.3320	52347.4531	31692.5957	40854.9336	16933.9277	164751.1250	15668.7207	77400.5391	2304.1738	115250.2031	58412.9062	20854.8203	13663.1357	73339.5703	266.1188	1605.4142	131944.1250	21907.0352	17506.7676	38543.0977	2263.5198	70684.7734	10836.5820	4904.5449	178361.1094	52732.7266	41544.7969	70584.1172	76468.4531	66202.3672	2323.2849	80040.8984	27988.1992	60723.2891	22039.7129	 
7	61087.3438	72100.2656	21399.3086	38006.1641	50593.7422	25603.5391	14327.5225	25048.4414	18160.4219	7011.0889	94584.4453	5839.3335	12973.5762	22576.4492	41505.1953	62049.0039	4073.7026	6348.6880	57788.8984	33013.1875	41893.5234	77415.2344	2578.8533	10222.9873	6690.5947	38096.1523	67343.2266	6185.2007	16047.2871	72918.7891	16480.9043	23950.8125	11918.4932	11754.6475	13390.7129	17457.1504	67014.1797	35629.9414	6475.0552	11785.5840	 
8	152893.9219	142264.0000	65419.2930	65541.8438	28481.3730	17178.9707	55920.7109	40030.2305	27277.9062	18581.2617	177846.2656	16419.2832	74864.5938	270.8228	119008.8203	74240.2031	21156.6582	14282.5146	87845.2656	778.8132	6590.7944	145257.3438	15864.3906	9843.4102	39975.2695	7769.5938	87202.8984	9963.5908	7275.2095	179756.7344	57168.5078	27195.0977	69354.2891	73143.7891	67002.8438	2387.2422	96092.9844	38581.6289	57823.6836	12868.6709	 
9	66086.2734	68540.7266	18468.9160	28815.0703	33648.9375	14029.2080	12376.6191	15828.5635	23271.7344	1924.8921	92233.1328	1227.8440	18284.3730	14998.6133	44774.0430	47217.1133	742.0765	1434.1112	46534.7266	22190.1289	27510.2832	72616.0703	3083.5142	9816.8848	4987.7544	24092.7812	53174.1367	1687.1495	7429.5386	82196.0469	13796.6953	28723.4805	15659.5508	17537.9160	15153.6406	9501.8408	54541.5000	23053.2539	10468.0205	12643.3701	 
10	104325.2656	69874.9766	33520.3438	17128.6680	446.9688	3942.7161	33597.3242	8970.1211	94916.3672	18392.3242	94792.7109	20611.4316	70050.5781	31662.7109	79491.8750	11635.6533	24348.5020	20256.5566	22882.0430	25543.9082	13157.6240	68282.3984	48588.1133	55902.2500	30823.5625	9784.9141	18073.1621	24372.3438	13196.4092	137212.3438	31478.8809	100898.3750	60849.6016	72014.6250	51346.2031	21288.6270	24799.8379	3125.0884	59412.2578	64866.5000	 
[3,*,*]:1	2	3	4	5	6	7	8	9	10	11	12	13	14	15	16	17	18	19	20	21	22	23	24	25	26	27	28	29	30	31	32	33	34	35	36	37	38	39	40	:=
1	10828.1816	2564.7610	29851.0918	34157.2461	112216.4297	99027.2969	38523.7461	55592.5781	197227.5625	85144.0391	 44.2247	91089.4844	48185.2617	171226.3438	14758.3418	48476.6328	83188.4609	96105.6016	27930.5879	179108.3594	163585.4844	2842.7891	127601.4375	164562.3906	56115.5977	149557.5625	38719.9336	111260.6250	117731.2344	20666.8379	36406.0000	216105.7031	44935.3359	52714.6602	38698.1055	142645.0938	28603.1895	68390.3906	58623.4922	173757.4531	 
2	24166.6133	3031.0854	16031.9590	10563.7764	60463.3398	55410.1641	23484.6797	25101.2910	165166.7031	53255.3477	7843.1309	58711.6719	45130.2109	120446.2578	20042.3789	15806.2246	54529.4844	62239.6328	5483.7710	122501.6094	104883.4609	1891.2845	97298.9141	126650.1641	36542.1367	93632.1797	10337.3584	75160.5078	74263.8750	42753.2656	20785.1094	180780.3125	39252.6719	49438.4180	30687.6113	95795.3281	5479.1255	30905.5352	49626.8203	136794.1406	 
3	17919.4590	37156.7461	13658.1006	36935.0469	87092.0781	56833.9609	10561.5791	36518.5547	58073.7188	28409.9355	48411.0156	28978.3770	290.1147	74016.2891	9953.5693	67481.1797	22707.8945	31663.5469	50942.3477	89298.1953	95649.5703	42847.6719	31060.3496	50971.2070	11645.3398	87461.1641	66130.5156	36322.1016	52281.0859	21416.4590	12468.3516	69219.4141	1230.3785	318.2457	3421.7617	61048.1367	59229.2656	53876.3555	2286.5627	53057.2539	 
4	26847.3320	26582.8516	1551.3075	10492.5645	39768.4844	21759.2227	162.1943	8675.5010	58382.8242	8503.0918	41664.4180	9918.9102	6644.4932	45482.4531	13877.3096	28069.7871	6914.1660	11712.4004	20626.4590	53185.4336	52059.1836	29536.1055	22564.3555	39184.6211	855.4264	45165.8750	28870.3652	16762.9453	23106.4902	40543.7188	499.5074	68220.2656	3955.9238	7567.7422	1765.9154	32530.2109	26361.8691	18005.5234	4866.8975	43965.2109	 
5	157939.0938	142808.6562	67138.1719	63988.3438	23764.0273	15282.4551	58303.7617	38841.1172	34905.2305	19987.4609	178720.9219	18141.7246	81007.4141	1205.2860	123446.1172	69753.3125	23452.7910	15902.7344	84971.5781	 59.1364	3818.5244	145125.4375	20588.3164	14433.9023	42760.4922	5074.9741	82882.3281	11961.2295	7171.3384	186923.5781	59137.1055	34796.8945	74686.4219	79586.6562	71258.9375	2874.1611	92514.5859	35735.0156	63492.7539	18176.4961	 
6	148558.5625	130239.0859	59913.3359	54550.8203	16972.4570	10472.3320	52347.4531	31692.5957	40854.9336	16933.9277	164751.1250	15668.7207	77400.5391	2304.1738	115250.2031	58412.9062	20854.8203	13663.1357	73339.5703	266.1188	1605.4142	131944.1250	21907.0352	17506.7676	38543.0977	2263.5198	70684.7734	10836.5820	4904.5449	178361.1094	52732.7266	41544.7969	70584.1172	76468.4531	66202.3672	2323.2849	80040.8984	27988.1992	60723.2891	22039.7129	 
7	61087.3438	72100.2656	21399.3086	38006.1641	50593.7422	25603.5391	14327.5225	25048.4414	18160.4219	7011.0889	94584.4453	5839.3335	12973.5762	22576.4492	41505.1953	62049.0039	4073.7026	6348.6880	57788.8984	33013.1875	41893.5234	77415.2344	2578.8533	10222.9873	6690.5947	38096.1523	67343.2266	6185.2007	16047.2871	72918.7891	16480.9043	23950.8125	11918.4932	11754.6475	13390.7129	17457.1504	67014.1797	35629.9414	6475.0552	11785.5840	 
8	152893.9219	142264.0000	65419.2930	65541.8438	28481.3730	17178.9707	55920.7109	40030.2305	27277.9062	18581.2617	177846.2656	16419.2832	74864.5938	270.8228	119008.8203	74240.2031	21156.6582	14282.5146	87845.2656	778.8132	6590.7944	145257.3438	15864.3906	9843.4102	39975.2695	7769.5938	87202.8984	9963.5908	7275.2095	179756.7344	57168.5078	27195.0977	69354.2891	73143.7891	67002.8438	2387.2422	96092.9844	38581.6289	57823.6836	12868.6709	 
9	66086.2734	68540.7266	18468.9160	28815.0703	33648.9375	14029.2080	12376.6191	15828.5635	23271.7344	1924.8921	92233.1328	1227.8440	18284.3730	14998.6133	44774.0430	47217.1133	742.0765	1434.1112	46534.7266	22190.1289	27510.2832	72616.0703	3083.5142	9816.8848	4987.7544	24092.7812	53174.1367	1687.1495	7429.5386	82196.0469	13796.6953	28723.4805	15659.5508	17537.9160	15153.6406	9501.8408	54541.5000	23053.2539	10468.0205	12643.3701	 
10	104325.2656	69874.9766	33520.3438	17128.6680	446.9688	3942.7161	33597.3242	8970.1211	94916.3672	18392.3242	94792.7109	20611.4316	70050.5781	31662.7109	79491.8750	11635.6533	24348.5020	20256.5566	22882.0430	25543.9082	13157.6240	68282.3984	48588.1133	55902.2500	30823.5625	9784.9141	18073.1621	24372.3438	13196.4092	137212.3438	31478.8809	100898.3750	60849.6016	72014.6250	51346.2031	21288.6270	24799.8379	3125.0884	59412.2578	64866.5000	 
;
param CT_ch:=	#Cost of transportation/unit weight from retailer c to hybrid facility h
[1,*,*]:1	2	3	4	5	6	7	8	9	10	:=
1	10828.1816	24166.6133	17919.4590	26847.3320	157939.0938	148558.5625	61087.3438	152893.9219	66086.2734	104325.2656	 
2	2564.7610	3031.0854	37156.7461	26582.8516	142808.6562	130239.0859	72100.2656	142264.0000	68540.7266	69874.9766	 
3	29851.0918	16031.9590	13658.1006	1551.3075	67138.1719	59913.3359	21399.3086	65419.2930	18468.9160	33520.3438	 
4	34157.2461	10563.7764	36935.0469	10492.5645	63988.3438	54550.8203	38006.1641	65541.8438	28815.0703	17128.6680	 
5	112216.4297	60463.3398	87092.0781	39768.4844	23764.0273	16972.4570	50593.7422	28481.3730	33648.9375	446.9688	 
6	99027.2969	55410.1641	56833.9609	21759.2227	15282.4551	10472.3320	25603.5391	17178.9707	14029.2080	3942.7161	 
7	38523.7461	23484.6797	10561.5791	162.1943	58303.7617	52347.4531	14327.5225	55920.7109	12376.6191	33597.3242	 
8	55592.5781	25101.2910	36518.5547	8675.5010	38841.1172	31692.5957	25048.4414	40030.2305	15828.5635	8970.1211	 
9	197227.5625	165166.7031	58073.7188	58382.8242	34905.2305	40854.9336	18160.4219	27277.9062	23271.7344	94916.3672	 
10	85144.0391	53255.3477	28409.9355	8503.0918	19987.4609	16933.9277	7011.0889	18581.2617	1924.8921	18392.3242	 
11	 44.2247	7843.1309	48411.0156	41664.4180	178720.9219	164751.1250	94584.4453	177846.2656	92233.1328	94792.7109	 
12	91089.4844	58711.6719	28978.3770	9918.9102	18141.7246	15668.7207	5839.3335	16419.2832	1227.8440	20611.4316	 
13	48185.2617	45130.2109	290.1147	6644.4932	81007.4141	77400.5391	12973.5762	74864.5938	18284.3730	70050.5781	 
14	171226.3438	120446.2578	74016.2891	45482.4531	1205.2860	2304.1738	22576.4492	270.8228	14998.6133	31662.7109	 
15	14758.3418	20042.3789	9953.5693	13877.3096	123446.1172	115250.2031	41505.1953	119008.8203	44774.0430	79491.8750	 
16	48476.6328	15806.2246	67481.1797	28069.7871	69753.3125	58412.9062	62049.0039	74240.2031	47217.1133	11635.6533	 
17	83188.4609	54529.4844	22707.8945	6914.1660	23452.7910	20854.8203	4073.7026	21156.6582	742.0765	24348.5020	 
18	96105.6016	62239.6328	31663.5469	11712.4004	15902.7344	13663.1357	6348.6880	14282.5146	1434.1112	20256.5566	 
19	27930.5879	5483.7710	50942.3477	20626.4590	84971.5781	73339.5703	57788.8984	87845.2656	46534.7266	22882.0430	 
20	179108.3594	122501.6094	89298.1953	53185.4336	 59.1364	266.1188	33013.1875	778.8132	22190.1289	25543.9082	 
21	163585.4844	104883.4609	95649.5703	52059.1836	3818.5244	1605.4142	41893.5234	6590.7944	27510.2832	13157.6240	 
22	2842.7891	1891.2845	42847.6719	29536.1055	145125.4375	131944.1250	77415.2344	145257.3438	72616.0703	68282.3984	 
23	127601.4375	97298.9141	31060.3496	22564.3555	20588.3164	21907.0352	2578.8533	15864.3906	3083.5142	48588.1133	 
24	164562.3906	126650.1641	50971.2070	39184.6211	14433.9023	17506.7676	10222.9873	9843.4102	9816.8848	55902.2500	 
25	56115.5977	36542.1367	11645.3398	855.4264	42760.4922	38543.0977	6690.5947	39975.2695	4987.7544	30823.5625	 
26	149557.5625	93632.1797	87461.1641	45165.8750	5074.9741	2263.5198	38096.1523	7769.5938	24092.7812	9784.9141	 
27	38719.9336	10337.3584	66130.5156	28870.3652	82882.3281	70684.7734	67343.2266	87202.8984	53174.1367	18073.1621	 
28	111260.6250	75160.5078	36322.1016	16762.9453	11961.2295	10836.5820	6185.2007	9963.5908	1687.1495	24372.3438	 
29	117731.2344	74263.8750	52281.0859	23106.4902	7171.3384	4904.5449	16047.2871	7275.2095	7429.5386	13196.4092	 
30	20666.8379	42753.2656	21416.4590	40543.7188	186923.5781	178361.1094	72918.7891	179756.7344	82196.0469	137212.3438	 
31	36406.0000	20785.1094	12468.3516	499.5074	59137.1055	52732.7266	16480.9043	57168.5078	13796.6953	31478.8809	 
32	216105.7031	180780.3125	69219.4141	68220.2656	34796.8945	41544.7969	23950.8125	27195.0977	28723.4805	100898.3750	 
33	44935.3359	39252.6719	1230.3785	3955.9238	74686.4219	70584.1172	11918.4932	69354.2891	15659.5508	60849.6016	 
34	52714.6602	49438.4180	318.2457	7567.7422	79586.6562	76468.4531	11754.6475	73143.7891	17537.9160	72014.6250	 
35	38698.1055	30687.6113	3421.7617	1765.9154	71258.9375	66202.3672	13390.7129	67002.8438	15153.6406	51346.2031	 
36	142645.0938	95795.3281	61048.1367	32530.2109	2874.1611	2323.2849	17457.1504	2387.2422	9501.8408	21288.6270	 
37	28603.1895	5479.1255	59229.2656	26361.8691	92514.5859	80040.8984	67014.1797	96092.9844	54541.5000	24799.8379	 
38	68390.3906	30905.5352	53876.3555	18005.5234	35735.0156	27988.1992	35629.9414	38581.6289	23053.2539	3125.0884	 
39	58623.4922	49626.8203	2286.5627	4866.8975	63492.7539	60723.2891	6475.0552	57823.6836	10468.0205	59412.2578	 
40	173757.4531	136794.1406	53057.2539	43965.2109	18176.4961	22039.7129	11785.5840	12868.6709	12643.3701	64866.5000	 
[2,*,*]:1	2	3	4	5	6	7	8	9	10	:=
1	10828.1816	24166.6133	17919.4590	26847.3320	157939.0938	148558.5625	61087.3438	152893.9219	66086.2734	104325.2656	 
2	2564.7610	3031.0854	37156.7461	26582.8516	142808.6562	130239.0859	72100.2656	142264.0000	68540.7266	69874.9766	 
3	29851.0918	16031.9590	13658.1006	1551.3075	67138.1719	59913.3359	21399.3086	65419.2930	18468.9160	33520.3438	 
4	34157.2461	10563.7764	36935.0469	10492.5645	63988.3438	54550.8203	38006.1641	65541.8438	28815.0703	17128.6680	 
5	112216.4297	60463.3398	87092.0781	39768.4844	23764.0273	16972.4570	50593.7422	28481.3730	33648.9375	446.9688	 
6	99027.2969	55410.1641	56833.9609	21759.2227	15282.4551	10472.3320	25603.5391	17178.9707	14029.2080	3942.7161	 
7	38523.7461	23484.6797	10561.5791	162.1943	58303.7617	52347.4531	14327.5225	55920.7109	12376.6191	33597.3242	 
8	55592.5781	25101.2910	36518.5547	8675.5010	38841.1172	31692.5957	25048.4414	40030.2305	15828.5635	8970.1211	 
9	197227.5625	165166.7031	58073.7188	58382.8242	34905.2305	40854.9336	18160.4219	27277.9062	23271.7344	94916.3672	 
10	85144.0391	53255.3477	28409.9355	8503.0918	19987.4609	16933.9277	7011.0889	18581.2617	1924.8921	18392.3242	 
11	 44.2247	7843.1309	48411.0156	41664.4180	178720.9219	164751.1250	94584.4453	177846.2656	92233.1328	94792.7109	 
12	91089.4844	58711.6719	28978.3770	9918.9102	18141.7246	15668.7207	5839.3335	16419.2832	1227.8440	20611.4316	 
13	48185.2617	45130.2109	290.1147	6644.4932	81007.4141	77400.5391	12973.5762	74864.5938	18284.3730	70050.5781	 
14	171226.3438	120446.2578	74016.2891	45482.4531	1205.2860	2304.1738	22576.4492	270.8228	14998.6133	31662.7109	 
15	14758.3418	20042.3789	9953.5693	13877.3096	123446.1172	115250.2031	41505.1953	119008.8203	44774.0430	79491.8750	 
16	48476.6328	15806.2246	67481.1797	28069.7871	69753.3125	58412.9062	62049.0039	74240.2031	47217.1133	11635.6533	 
17	83188.4609	54529.4844	22707.8945	6914.1660	23452.7910	20854.8203	4073.7026	21156.6582	742.0765	24348.5020	 
18	96105.6016	62239.6328	31663.5469	11712.4004	15902.7344	13663.1357	6348.6880	14282.5146	1434.1112	20256.5566	 
19	27930.5879	5483.7710	50942.3477	20626.4590	84971.5781	73339.5703	57788.8984	87845.2656	46534.7266	22882.0430	 
20	179108.3594	122501.6094	89298.1953	53185.4336	 59.1364	266.1188	33013.1875	778.8132	22190.1289	25543.9082	 
21	163585.4844	104883.4609	95649.5703	52059.1836	3818.5244	1605.4142	41893.5234	6590.7944	27510.2832	13157.6240	 
22	2842.7891	1891.2845	42847.6719	29536.1055	145125.4375	131944.1250	77415.2344	145257.3438	72616.0703	68282.3984	 
23	127601.4375	97298.9141	31060.3496	22564.3555	20588.3164	21907.0352	2578.8533	15864.3906	3083.5142	48588.1133	 
24	164562.3906	126650.1641	50971.2070	39184.6211	14433.9023	17506.7676	10222.9873	9843.4102	9816.8848	55902.2500	 
25	56115.5977	36542.1367	11645.3398	855.4264	42760.4922	38543.0977	6690.5947	39975.2695	4987.7544	30823.5625	 
26	149557.5625	93632.1797	87461.1641	45165.8750	5074.9741	2263.5198	38096.1523	7769.5938	24092.7812	9784.9141	 
27	38719.9336	10337.3584	66130.5156	28870.3652	82882.3281	70684.7734	67343.2266	87202.8984	53174.1367	18073.1621	 
28	111260.6250	75160.5078	36322.1016	16762.9453	11961.2295	10836.5820	6185.2007	9963.5908	1687.1495	24372.3438	 
29	117731.2344	74263.8750	52281.0859	23106.4902	7171.3384	4904.5449	16047.2871	7275.2095	7429.5386	13196.4092	 
30	20666.8379	42753.2656	21416.4590	40543.7188	186923.5781	178361.1094	72918.7891	179756.7344	82196.0469	137212.3438	 
31	36406.0000	20785.1094	12468.3516	499.5074	59137.1055	52732.7266	16480.9043	57168.5078	13796.6953	31478.8809	 
32	216105.7031	180780.3125	69219.4141	68220.2656	34796.8945	41544.7969	23950.8125	27195.0977	28723.4805	100898.3750	 
33	44935.3359	39252.6719	1230.3785	3955.9238	74686.4219	70584.1172	11918.4932	69354.2891	15659.5508	60849.6016	 
34	52714.6602	49438.4180	318.2457	7567.7422	79586.6562	76468.4531	11754.6475	73143.7891	17537.9160	72014.6250	 
35	38698.1055	30687.6113	3421.7617	1765.9154	71258.9375	66202.3672	13390.7129	67002.8438	15153.6406	51346.2031	 
36	142645.0938	95795.3281	61048.1367	32530.2109	2874.1611	2323.2849	17457.1504	2387.2422	9501.8408	21288.6270	 
37	28603.1895	5479.1255	59229.2656	26361.8691	92514.5859	80040.8984	67014.1797	96092.9844	54541.5000	24799.8379	 
38	68390.3906	30905.5352	53876.3555	18005.5234	35735.0156	27988.1992	35629.9414	38581.6289	23053.2539	3125.0884	 
39	58623.4922	49626.8203	2286.5627	4866.8975	63492.7539	60723.2891	6475.0552	57823.6836	10468.0205	59412.2578	 
40	173757.4531	136794.1406	53057.2539	43965.2109	18176.4961	22039.7129	11785.5840	12868.6709	12643.3701	64866.5000	 
[3,*,*]:1	2	3	4	5	6	7	8	9	10	:=
1	10828.1816	24166.6133	17919.4590	26847.3320	157939.0938	148558.5625	61087.3438	152893.9219	66086.2734	104325.2656	 
2	2564.7610	3031.0854	37156.7461	26582.8516	142808.6562	130239.0859	72100.2656	142264.0000	68540.7266	69874.9766	 
3	29851.0918	16031.9590	13658.1006	1551.3075	67138.1719	59913.3359	21399.3086	65419.2930	18468.9160	33520.3438	 
4	34157.2461	10563.7764	36935.0469	10492.5645	63988.3438	54550.8203	38006.1641	65541.8438	28815.0703	17128.6680	 
5	112216.4297	60463.3398	87092.0781	39768.4844	23764.0273	16972.4570	50593.7422	28481.3730	33648.9375	446.9688	 
6	99027.2969	55410.1641	56833.9609	21759.2227	15282.4551	10472.3320	25603.5391	17178.9707	14029.2080	3942.7161	 
7	38523.7461	23484.6797	10561.5791	162.1943	58303.7617	52347.4531	14327.5225	55920.7109	12376.6191	33597.3242	 
8	55592.5781	25101.2910	36518.5547	8675.5010	38841.1172	31692.5957	25048.4414	40030.2305	15828.5635	8970.1211	 
9	197227.5625	165166.7031	58073.7188	58382.8242	34905.2305	40854.9336	18160.4219	27277.9062	23271.7344	94916.3672	 
10	85144.0391	53255.3477	28409.9355	8503.0918	19987.4609	16933.9277	7011.0889	18581.2617	1924.8921	18392.3242	 
11	 44.2247	7843.1309	48411.0156	41664.4180	178720.9219	164751.1250	94584.4453	177846.2656	92233.1328	94792.7109	 
12	91089.4844	58711.6719	28978.3770	9918.9102	18141.7246	15668.7207	5839.3335	16419.2832	1227.8440	20611.4316	 
13	48185.2617	45130.2109	290.1147	6644.4932	81007.4141	77400.5391	12973.5762	74864.5938	18284.3730	70050.5781	 
14	171226.3438	120446.2578	74016.2891	45482.4531	1205.2860	2304.1738	22576.4492	270.8228	14998.6133	31662.7109	 
15	14758.3418	20042.3789	9953.5693	13877.3096	123446.1172	115250.2031	41505.1953	119008.8203	44774.0430	79491.8750	 
16	48476.6328	15806.2246	67481.1797	28069.7871	69753.3125	58412.9062	62049.0039	74240.2031	47217.1133	11635.6533	 
17	83188.4609	54529.4844	22707.8945	6914.1660	23452.7910	20854.8203	4073.7026	21156.6582	742.0765	24348.5020	 
18	96105.6016	62239.6328	31663.5469	11712.4004	15902.7344	13663.1357	6348.6880	14282.5146	1434.1112	20256.5566	 
19	27930.5879	5483.7710	50942.3477	20626.4590	84971.5781	73339.5703	57788.8984	87845.2656	46534.7266	22882.0430	 
20	179108.3594	122501.6094	89298.1953	53185.4336	 59.1364	266.1188	33013.1875	778.8132	22190.1289	25543.9082	 
21	163585.4844	104883.4609	95649.5703	52059.1836	3818.5244	1605.4142	41893.5234	6590.7944	27510.2832	13157.6240	 
22	2842.7891	1891.2845	42847.6719	29536.1055	145125.4375	131944.1250	77415.2344	145257.3438	72616.0703	68282.3984	 
23	127601.4375	97298.9141	31060.3496	22564.3555	20588.3164	21907.0352	2578.8533	15864.3906	3083.5142	48588.1133	 
24	164562.3906	126650.1641	50971.2070	39184.6211	14433.9023	17506.7676	10222.9873	9843.4102	9816.8848	55902.2500	 
25	56115.5977	36542.1367	11645.3398	855.4264	42760.4922	38543.0977	6690.5947	39975.2695	4987.7544	30823.5625	 
26	149557.5625	93632.1797	87461.1641	45165.8750	5074.9741	2263.5198	38096.1523	7769.5938	24092.7812	9784.9141	 
27	38719.9336	10337.3584	66130.5156	28870.3652	82882.3281	70684.7734	67343.2266	87202.8984	53174.1367	18073.1621	 
28	111260.6250	75160.5078	36322.1016	16762.9453	11961.2295	10836.5820	6185.2007	9963.5908	1687.1495	24372.3438	 
29	117731.2344	74263.8750	52281.0859	23106.4902	7171.3384	4904.5449	16047.2871	7275.2095	7429.5386	13196.4092	 
30	20666.8379	42753.2656	21416.4590	40543.7188	186923.5781	178361.1094	72918.7891	179756.7344	82196.0469	137212.3438	 
31	36406.0000	20785.1094	12468.3516	499.5074	59137.1055	52732.7266	16480.9043	57168.5078	13796.6953	31478.8809	 
32	216105.7031	180780.3125	69219.4141	68220.2656	34796.8945	41544.7969	23950.8125	27195.0977	28723.4805	100898.3750	 
33	44935.3359	39252.6719	1230.3785	3955.9238	74686.4219	70584.1172	11918.4932	69354.2891	15659.5508	60849.6016	 
34	52714.6602	49438.4180	318.2457	7567.7422	79586.6562	76468.4531	11754.6475	73143.7891	17537.9160	72014.6250	 
35	38698.1055	30687.6113	3421.7617	1765.9154	71258.9375	66202.3672	13390.7129	67002.8438	15153.6406	51346.2031	 
36	142645.0938	95795.3281	61048.1367	32530.2109	2874.1611	2323.2849	17457.1504	2387.2422	9501.8408	21288.6270	 
37	28603.1895	5479.1255	59229.2656	26361.8691	92514.5859	80040.8984	67014.1797	96092.9844	54541.5000	24799.8379	 
38	68390.3906	30905.5352	53876.3555	18005.5234	35735.0156	27988.1992	35629.9414	38581.6289	23053.2539	3125.0884	 
39	58623.4922	49626.8203	2286.5627	4866.8975	63492.7539	60723.2891	6475.0552	57823.6836	10468.0205	59412.2578	 
40	173757.4531	136794.1406	53057.2539	43965.2109	18176.4961	22039.7129	11785.5840	12868.6709	12643.3701	64866.5000	 
;
param CT_hm:=	#Cost of transportation/unit weight from hybrid facility h to manufacturer m 
[1,*,*]:1	2	3	:=
1	48995.9258	80682.9453	60367.2891	 
2	17357.6836	57600.1406	32907.0547	 
3	52683.2773	14870.6953	24680.0312	 
4	18078.8008	5897.1885	3936.5767	 
5	55448.5352	31639.3359	33345.9336	 
6	45796.5547	29703.7031	28056.0352	 
7	44995.6562	1262.4067	12892.8818	 
8	58579.7031	27892.9570	32706.1309	 
9	32483.2637	818.4935	6951.0332	 
10	8678.2881	35986.1602	15599.7334	 
[2,*,*]:1	2	3	:=
1	48995.9258	80682.9453	60367.2891	 
2	17357.6836	57600.1406	32907.0547	 
3	52683.2773	14870.6953	24680.0312	 
4	18078.8008	5897.1885	3936.5767	 
5	55448.5352	31639.3359	33345.9336	 
6	45796.5547	29703.7031	28056.0352	 
7	44995.6562	1262.4067	12892.8818	 
8	58579.7031	27892.9570	32706.1309	 
9	32483.2637	818.4935	6951.0332	 
10	8678.2881	35986.1602	15599.7334	 
[3,*,*]:1	2	3	:=
1	48995.9258	80682.9453	60367.2891	 
2	17357.6836	57600.1406	32907.0547	 
3	52683.2773	14870.6953	24680.0312	 
4	18078.8008	5897.1885	3936.5767	 
5	55448.5352	31639.3359	33345.9336	 
6	45796.5547	29703.7031	28056.0352	 
7	44995.6562	1262.4067	12892.8818	 
8	58579.7031	27892.9570	32706.1309	 
9	32483.2637	818.4935	6951.0332	 
10	8678.2881	35986.1602	15599.7334	 
;
param CT_mh:=	#Cost of transportation/unit weight from manufacturer m to hybrid facility h 
[1,*,*]:1	2	3	4	5	6	7	8	9	10	:=
1	48995.9258	17357.6836	52683.2773	18078.8008	55448.5352	45796.5547	44995.6562	58579.7031	32483.2637	8678.2881	 
2	80682.9453	57600.1406	14870.6953	5897.1885	31639.3359	29703.7031	1262.4067	27892.9570	818.4935	35986.1602	 
3	60367.2891	32907.0547	24680.0312	3936.5767	33345.9336	28056.0352	12892.8818	32706.1309	6951.0332	15599.7334	 
[2,*,*]:1	2	3	4	5	6	7	8	9	10	:=
1	48995.9258	17357.6836	52683.2773	18078.8008	55448.5352	45796.5547	44995.6562	58579.7031	32483.2637	8678.2881	 
2	80682.9453	57600.1406	14870.6953	5897.1885	31639.3359	29703.7031	1262.4067	27892.9570	818.4935	35986.1602	 
3	60367.2891	32907.0547	24680.0312	3936.5767	33345.9336	28056.0352	12892.8818	32706.1309	6951.0332	15599.7334	 
[3,*,*]:1	2	3	4	5	6	7	8	9	10	:=
1	48995.9258	17357.6836	52683.2773	18078.8008	55448.5352	45796.5547	44995.6562	58579.7031	32483.2637	8678.2881	 
2	80682.9453	57600.1406	14870.6953	5897.1885	31639.3359	29703.7031	1262.4067	27892.9570	818.4935	35986.1602	 
3	60367.2891	32907.0547	24680.0312	3936.5767	33345.9336	28056.0352	12892.8818	32706.1309	6951.0332	15599.7334	 
;
param D_uh:=	#Distance from urban center u to hybrid facility h 
[1,*,*]:1	2	3	4	5	6	7	8	9	10	:=
1	37740.4062	24074.4805	9055.0498	189.2872	60844.8828	54987.2383	14189.7383	58149.4453	12876.4805	36547.5820	 
2	126264.9297	82940.1172	51885.9375	25060.4531	5668.5352	4379.4028	13825.9570	5068.2168	6377.2275	18352.2383	 
3	112673.3750	61043.8398	85786.7031	39020.9023	22529.9707	15932.7305	49034.2109	27090.4336	32358.1895	518.0296	 
4	185437.3438	131788.7031	83232.4922	53103.9297	843.0807	2446.6975	27487.0156	 67.5988	19387.4316	35307.2148	 
5	12851.8730	9760.0059	15150.7734	9053.7598	104418.0000	95326.0703	38951.8281	102090.4453	37995.7969	55956.1562	 
6	80988.6406	40008.5625	57711.6875	20559.8828	27437.5293	20598.2051	33623.9336	30274.7461	20744.9629	1710.0231	 
[2,*,*]:1	2	3	4	5	6	7	8	9	10	:=
1	37740.4062	24074.4805	9055.0498	189.2872	60844.8828	54987.2383	14189.7383	58149.4453	12876.4805	36547.5820	 
2	126264.9297	82940.1172	51885.9375	25060.4531	5668.5352	4379.4028	13825.9570	5068.2168	6377.2275	18352.2383	 
3	112673.3750	61043.8398	85786.7031	39020.9023	22529.9707	15932.7305	49034.2109	27090.4336	32358.1895	518.0296	 
4	185437.3438	131788.7031	83232.4922	53103.9297	843.0807	2446.6975	27487.0156	 67.5988	19387.4316	35307.2148	 
5	12851.8730	9760.0059	15150.7734	9053.7598	104418.0000	95326.0703	38951.8281	102090.4453	37995.7969	55956.1562	 
6	80988.6406	40008.5625	57711.6875	20559.8828	27437.5293	20598.2051	33623.9336	30274.7461	20744.9629	1710.0231	 
[3,*,*]:1	2	3	4	5	6	7	8	9	10	:=
1	37740.4062	24074.4805	9055.0498	189.2872	60844.8828	54987.2383	14189.7383	58149.4453	12876.4805	36547.5820	 
2	126264.9297	82940.1172	51885.9375	25060.4531	5668.5352	4379.4028	13825.9570	5068.2168	6377.2275	18352.2383	 
3	112673.3750	61043.8398	85786.7031	39020.9023	22529.9707	15932.7305	49034.2109	27090.4336	32358.1895	518.0296	 
4	185437.3438	131788.7031	83232.4922	53103.9297	843.0807	2446.6975	27487.0156	 67.5988	19387.4316	35307.2148	 
5	12851.8730	9760.0059	15150.7734	9053.7598	104418.0000	95326.0703	38951.8281	102090.4453	37995.7969	55956.1562	 
6	80988.6406	40008.5625	57711.6875	20559.8828	27437.5293	20598.2051	33623.9336	30274.7461	20744.9629	1710.0231	 
;
param Surrounding:=	40813.0039	;
param Pop_u:=	#Population per urban center u
1	116331.2656
2	99084.8516
3	90226.6797
4	73108.7188
5	105471.6016
6	105320.0469
;
param CR_pm:	1	2	3	:=	#Cost of recycled/reprocessed per unit of product p in manufacturer m
1	85.2076	82.1230	88.9622	 
2	77.3695	82.2185	76.3664	 
3	77.6469	76.1044	80.1599	 
;
param FCH_h:=	#Operating fixed cost for hybrid facility h
1	10707.9707
2	9110.5557
3	9241.8691
4	8217.8438
5	9210.3301
6	11420.9658
7	10271.3857
8	11880.3008
9	10767.7217
10	8530.7910
;
param FCM_m:=	#Fixed cost for opening manufacturing plant m
1	35688.4453
2	40991.9766
3	35975.4062
;
param A_pct:=	#Return rate of product p available in retailer c at time period t (rand [0,1])
[1,*,*]:	1	2	3	4	5	:=
1	0.5000	0.5000	0.5000	0.5000	0.5000	 
2	0.5000	0.5000	0.5000	0.5000	0.5000	 
3	0.5000	0.5000	0.5000	0.5000	0.5000	 
4	0.5000	0.5000	0.5000	0.5000	0.5000	 
5	0.5000	0.5000	0.5000	0.5000	0.5000	 
6	0.5000	0.5000	0.5000	0.5000	0.5000	 
7	0.5000	0.5000	0.5000	0.5000	0.5000	 
8	0.5000	0.5000	0.5000	0.5000	0.5000	 
9	0.5000	0.5000	0.5000	0.5000	0.5000	 
10	0.5000	0.5000	0.5000	0.5000	0.5000	 
11	0.5000	0.5000	0.5000	0.5000	0.5000	 
12	0.5000	0.5000	0.5000	0.5000	0.5000	 
13	0.5000	0.5000	0.5000	0.5000	0.5000	 
14	0.5000	0.5000	0.5000	0.5000	0.5000	 
15	0.5000	0.5000	0.5000	0.5000	0.5000	 
16	0.5000	0.5000	0.5000	0.5000	0.5000	 
17	0.5000	0.5000	0.5000	0.5000	0.5000	 
18	0.5000	0.5000	0.5000	0.5000	0.5000	 
19	0.5000	0.5000	0.5000	0.5000	0.5000	 
20	0.5000	0.5000	0.5000	0.5000	0.5000	 
21	0.5000	0.5000	0.5000	0.5000	0.5000	 
22	0.5000	0.5000	0.5000	0.5000	0.5000	 
23	0.5000	0.5000	0.5000	0.5000	0.5000	 
24	0.5000	0.5000	0.5000	0.5000	0.5000	 
25	0.5000	0.5000	0.5000	0.5000	0.5000	 
26	0.5000	0.5000	0.5000	0.5000	0.5000	 
27	0.5000	0.5000	0.5000	0.5000	0.5000	 
28	0.5000	0.5000	0.5000	0.5000	0.5000	 
29	0.5000	0.5000	0.5000	0.5000	0.5000	 
30	0.5000	0.5000	0.5000	0.5000	0.5000	 
31	0.5000	0.5000	0.5000	0.5000	0.5000	 
32	0.5000	0.5000	0.5000	0.5000	0.5000	 
33	0.5000	0.5000	0.5000	0.5000	0.5000	 
34	0.5000	0.5000	0.5000	0.5000	0.5000	 
35	0.5000	0.5000	0.5000	0.5000	0.5000	 
36	0.5000	0.5000	0.5000	0.5000	0.5000	 
37	0.5000	0.5000	0.5000	0.5000	0.5000	 
38	0.5000	0.5000	0.5000	0.5000	0.5000	 
39	0.5000	0.5000	0.5000	0.5000	0.5000	 
40	0.5000	0.5000	0.5000	0.5000	0.5000	 
[2,*,*]:	1	2	3	4	5	:=
1	0.5000	0.5000	0.5000	0.5000	0.5000	 
2	0.5000	0.5000	0.5000	0.5000	0.5000	 
3	0.5000	0.5000	0.5000	0.5000	0.5000	 
4	0.5000	0.5000	0.5000	0.5000	0.5000	 
5	0.5000	0.5000	0.5000	0.5000	0.5000	 
6	0.5000	0.5000	0.5000	0.5000	0.5000	 
7	0.5000	0.5000	0.5000	0.5000	0.5000	 
8	0.5000	0.5000	0.5000	0.5000	0.5000	 
9	0.5000	0.5000	0.5000	0.5000	0.5000	 
10	0.5000	0.5000	0.5000	0.5000	0.5000	 
11	0.5000	0.5000	0.5000	0.5000	0.5000	 
12	0.5000	0.5000	0.5000	0.5000	0.5000	 
13	0.5000	0.5000	0.5000	0.5000	0.5000	 
14	0.5000	0.5000	0.5000	0.5000	0.5000	 
15	0.5000	0.5000	0.5000	0.5000	0.5000	 
16	0.5000	0.5000	0.5000	0.5000	0.5000	 
17	0.5000	0.5000	0.5000	0.5000	0.5000	 
18	0.5000	0.5000	0.5000	0.5000	0.5000	 
19	0.5000	0.5000	0.5000	0.5000	0.5000	 
20	0.5000	0.5000	0.5000	0.5000	0.5000	 
21	0.5000	0.5000	0.5000	0.5000	0.5000	 
22	0.5000	0.5000	0.5000	0.5000	0.5000	 
23	0.5000	0.5000	0.5000	0.5000	0.5000	 
24	0.5000	0.5000	0.5000	0.5000	0.5000	 
25	0.5000	0.5000	0.5000	0.5000	0.5000	 
26	0.5000	0.5000	0.5000	0.5000	0.5000	 
27	0.5000	0.5000	0.5000	0.5000	0.5000	 
28	0.5000	0.5000	0.5000	0.5000	0.5000	 
29	0.5000	0.5000	0.5000	0.5000	0.5000	 
30	0.5000	0.5000	0.5000	0.5000	0.5000	 
31	0.5000	0.5000	0.5000	0.5000	0.5000	 
32	0.5000	0.5000	0.5000	0.5000	0.5000	 
33	0.5000	0.5000	0.5000	0.5000	0.5000	 
34	0.5000	0.5000	0.5000	0.5000	0.5000	 
35	0.5000	0.5000	0.5000	0.5000	0.5000	 
36	0.5000	0.5000	0.5000	0.5000	0.5000	 
37	0.5000	0.5000	0.5000	0.5000	0.5000	 
38	0.5000	0.5000	0.5000	0.5000	0.5000	 
39	0.5000	0.5000	0.5000	0.5000	0.5000	 
40	0.5000	0.5000	0.5000	0.5000	0.5000	 
[3,*,*]:	1	2	3	4	5	:=
1	0.5000	0.5000	0.5000	0.5000	0.5000	 
2	0.5000	0.5000	0.5000	0.5000	0.5000	 
3	0.5000	0.5000	0.5000	0.5000	0.5000	 
4	0.5000	0.5000	0.5000	0.5000	0.5000	 
5	0.5000	0.5000	0.5000	0.5000	0.5000	 
6	0.5000	0.5000	0.5000	0.5000	0.5000	 
7	0.5000	0.5000	0.5000	0.5000	0.5000	 
8	0.5000	0.5000	0.5000	0.5000	0.5000	 
9	0.5000	0.5000	0.5000	0.5000	0.5000	 
10	0.5000	0.5000	0.5000	0.5000	0.5000	 
11	0.5000	0.5000	0.5000	0.5000	0.5000	 
12	0.5000	0.5000	0.5000	0.5000	0.5000	 
13	0.5000	0.5000	0.5000	0.5000	0.5000	 
14	0.5000	0.5000	0.5000	0.5000	0.5000	 
15	0.5000	0.5000	0.5000	0.5000	0.5000	 
16	0.5000	0.5000	0.5000	0.5000	0.5000	 
17	0.5000	0.5000	0.5000	0.5000	0.5000	 
18	0.5000	0.5000	0.5000	0.5000	0.5000	 
19	0.5000	0.5000	0.5000	0.5000	0.5000	 
20	0.5000	0.5000	0.5000	0.5000	0.5000	 
21	0.5000	0.5000	0.5000	0.5000	0.5000	 
22	0.5000	0.5000	0.5000	0.5000	0.5000	 
23	0.5000	0.5000	0.5000	0.5000	0.5000	 
24	0.5000	0.5000	0.5000	0.5000	0.5000	 
25	0.5000	0.5000	0.5000	0.5000	0.5000	 
26	0.5000	0.5000	0.5000	0.5000	0.5000	 
27	0.5000	0.5000	0.5000	0.5000	0.5000	 
28	0.5000	0.5000	0.5000	0.5000	0.5000	 
29	0.5000	0.5000	0.5000	0.5000	0.5000	 
30	0.5000	0.5000	0.5000	0.5000	0.5000	 
31	0.5000	0.5000	0.5000	0.5000	0.5000	 
32	0.5000	0.5000	0.5000	0.5000	0.5000	 
33	0.5000	0.5000	0.5000	0.5000	0.5000	 
34	0.5000	0.5000	0.5000	0.5000	0.5000	 
35	0.5000	0.5000	0.5000	0.5000	0.5000	 
36	0.5000	0.5000	0.5000	0.5000	0.5000	 
37	0.5000	0.5000	0.5000	0.5000	0.5000	 
38	0.5000	0.5000	0.5000	0.5000	0.5000	 
39	0.5000	0.5000	0.5000	0.5000	0.5000	 
40	0.5000	0.5000	0.5000	0.5000	0.5000	 
;
param SL:=	1.64	;	 
param SDS_p:=	#Sales standar deviation of product p 
1	 59.3539
2	 59.7345
3	 59.4613
;
param L_p:=	#Average lead time for product p at retailers (Lead time = Order to ship time + Transit lead time) - 4months
1	  2.4432
2	  2.7665
3	  3.0431
;
param CM_pm:=	#manufacturing capacity limit
1	300454.0000
2	300454.0000
3	300454.0000
;
param Mbig:=	 300454.0000;
param CO_vk:1	2	3:=	#Cost of CO2 emission per vehicle type v with size k
1	0.0003	0.001	0.002	#Electric Vehicle
2	0.001	0.003	0.006;	#Internal combustion

param VC_vk:1	2	3:= #Cost per vehicle type v with size k
1	100	200	1000	#Electric Vehicle
2	50	100	500	; 	#Internal combustion

param VQ_vk:1	2	3:=	#Capacity per vehicle type v with size k
1	10	20	50	#Electric Vehicle
2	10	20	50	; 	#Internal combustion

