#Coord Suppliers
# 	1	393.0432		290.5622	
# 	2	391.1376		159.2567	
# 	3	104.7278		  3.4196	
# 	4	193.7110		120.7054	
# 	5	235.2036		143.5175	
# 	6	249.9104		163.0158	
# 	7	342.4030		213.7124	
# 	8	278.8569		127.8275	
# 	9	130.0838		292.1566	
# 	10	150.1983		 65.6403	
# 	11	 29.6138		294.8611	
# 	12	 57.5351		 96.6392	
# 	13	 31.9243		 67.4310	
# 	14	177.1357		268.8435	
# 	15	155.4577		295.4248	
# 	16	 12.9294		105.5054	
# 	17	171.4315		229.2480	
# 	18	422.4618		 95.9069	
# 	19	194.6142		 81.0437	
# 	20	360.4752		191.4716	
#Coord Manufacturers
# 	1	 30.9106		181.0934	
# 	2	358.0085		  9.6024	
# 	3	204.9515		237.0518	
#Coord Warehouse
# 	1	444.8684		175.1894	
# 	2	 17.5105		133.9269	
# 	3	 84.6776		188.1167	
# 	4	 96.8930		 45.2910	
# 	5	241.2649		 30.1160	
# 	6	329.0213		281.8953	
# 	7	424.4932		112.4216	
# 	8	268.0876		198.5948	
# 	9	229.7612		141.2678	
# 	10	  3.9925		 20.3689	
#Coord Hybrids
# 	1	195.6673		129.4481	
# 	2	 83.6477		158.9116	
# 	3	269.5888		216.2773	
# 	4	137.8781		121.3186	
# 	5	370.2521		176.1391	
#Coord Retailers
# 	1	317.9320		153.1747	
# 	2	373.5278		216.2034	
# 	3	389.8177		 61.0229	
# 	4	134.3407		142.7412	
# 	5	222.1220		182.3028	
# 	6	368.5210		158.3172	
# 	7	422.6419		217.0150	
# 	8	 80.4407		185.9176	
# 	9	253.0275		229.0214	
# 	10	362.9908		 89.5876	
# 	11	 62.2731		190.6194	
# 	12	  3.7388		236.5750	
# 	13	225.9348		299.1356	
# 	14	442.8183		 68.1236	
# 	15	382.4808		243.8452	
# 	16	106.2605		197.0560	
# 	17	439.7270		219.4706	
# 	18	 43.0328		150.1818	
# 	19	208.0620		  0.2232	
# 	20	445.0225		263.2860	
# 	21	 97.7450		181.6133	
# 	22	212.3789		107.7327	
# 	23	238.1816		169.4469	
# 	24	375.0970		 18.8440	
# 	25	272.8650		151.0838	
# 	26	 72.1344		 43.6336	
# 	27	287.0284		264.8718	
# 	28	 14.7896		128.4066	
# 	29	395.0519		142.9521	
# 	30	165.4067		 72.1951	
#Coord Urban center
# 	1	 21.7043		 52.5500	
# 	2	250.5490		159.0257	
# 	3	244.8997		 89.7158	
# 	4	389.4408		254.0840	
# 	5	209.5652		225.4075	
# 	6	352.6068		110.4291	

#Parameters

param I:=	10;	#Raw material
param S:=	20;	#Supplier
param M:=	3;	#Manufacturer
param H:=	5;	#Hybrid
param W:=	10;	#Warehouse
param C:=	30;	#Retailer
param P:=	3;	#Products
param T:=	5;	#Time period
param TV:=	2;	#Type of vehicle
param SZ:=	3;	#Size of vehicle
param UC:=	6;	#Urban centers

param CI_im:	1	2	3	:=	#Inventory holding cost/unit of raw material i at manufacturer m
1	3	3	3	 
2	3	3	3	 
3	3	3	3	 
4	3	3	3	 
5	3	3	3	 
6	3	3	3	 
7	3	3	3	 
8	3	3	3	 
9	3	3	3	 
10	3	3	3	 
; 
param CI_pw:	1	2	3	4	5	6	7	8	9	10	:=	#Inventory holding cost/unit of product p at depot w
1	3	3	3	3	3	3	3	3	3	3	 
2	3	3	3	3	3	3	3	3	3	3	 
3	3	3	3	3	3	3	3	3	3	3	 
;
param CP_pm:	1	2	3	:=	#Production cost of product p at manufacturer m
1	101.7731	102.5287	102.3709	 
2	103.9190	100.0721	102.8089	 
3	105.3707	104.2306	105.3183	 
;
param CT_ism:=	#Cost of raw material i per unit from supplier s to manufacturer m
[1,*,*]:1	2	3	:=
1	1435.0193	1482.8038	1331.4993	
2	1317.6434	1369.0560	1402.4041	
3	1296.8126	1256.9989	1300.9984	
4	1311.2761	1359.0826	1407.7323	
5	1325.3560	1493.8767	1467.7871	
6	1405.1830	1334.4718	1292.4329	
7	1414.9325	1428.8623	1266.5251	
8	1443.7791	1472.1572	1408.0559	
9	1425.8381	1465.8611	1487.1810	
10	1337.9691	1264.8004	1327.7388	
11	1292.7128	1343.5122	1375.9928	
12	1447.6229	1488.1205	1322.4552	
13	1488.0035	1296.0111	1360.0154	
14	1295.6249	1315.1627	1254.3018	
15	1311.5699	1346.6279	1374.2920	
16	1325.8854	1253.2603	1469.2125	
17	1309.0238	1304.7253	1251.0413	
18	1315.0077	1318.7482	1393.3553	
19	1380.1017	1449.8074	1444.5862	
20	1482.5197	1381.4275	1483.7393	
[2,*,*]:1	2	3	:=
1	1454.0912	1297.2875	1424.3738	
2	1478.7429	1475.7628	1465.4253	
3	1411.9091	1490.0106	1312.5042	
4	1424.3435	1280.9080	1415.6919	
5	1427.4102	1417.9961	1374.5376	
6	1352.8502	1466.6698	1367.4371	
7	1329.4554	1261.7843	1414.7808	
8	1438.8920	1375.9683	1432.3667	
9	1409.9222	1375.5459	1297.0731	
10	1339.3029	1432.4305	1437.6411	
11	1263.2819	1357.0339	1402.2676	
12	1433.0702	1349.7919	1386.1060	
13	1344.6361	1335.0204	1331.5559	
14	1455.1566	1269.3414	1259.0916	
15	1421.2671	1340.7484	1485.0925	
16	1292.6295	1352.9165	1349.6421	
17	1377.6433	1289.2273	1495.6665	
18	1408.1881	1482.4172	1409.9264	
19	1408.9745	1400.2498	1311.5540	
20	1321.6700	1291.7081	1426.8800	
[3,*,*]:1	2	3	:=
1	1464.0345	1304.8615	1265.5209	
2	1350.8646	1491.4276	1286.1570	
3	1388.8685	1444.1486	1298.7273	
4	1337.1852	1305.6683	1366.7321	
5	1483.7844	1407.8048	1277.6337	
6	1335.6932	1425.9382	1498.6321	
7	1340.5004	1379.7388	1305.9575	
8	1336.8676	1283.2297	1296.1080	
9	1324.7278	1262.1454	1319.4497	
10	1270.7773	1257.2867	1491.1556	
11	1331.5994	1422.1265	1319.9288	
12	1360.0698	1454.8207	1448.3668	
13	1381.5070	1338.4579	1331.3011	
14	1470.7683	1277.9888	1345.7031	
15	1260.1899	1408.5438	1485.5452	
16	1392.2251	1340.8064	1328.2260	
17	1425.7689	1286.8789	1430.2758	
18	1290.7380	1319.8406	1493.0448	
19	1332.7910	1490.2837	1474.8007	
20	1297.2249	1258.7896	1343.5150	
[4,*,*]:1	2	3	:=
1	1423.1764	1487.6230	1339.4630	
2	1342.1555	1284.6648	1439.1282	
3	1367.0807	1370.3940	1296.9636	
4	1263.6056	1421.6331	1370.7556	
5	1456.8378	1256.9440	1458.1569	
6	1459.8547	1319.3278	1332.6056	
7	1431.4747	1434.5294	1448.6648	
8	1270.9956	1364.0543	1462.6947	
9	1497.3005	1430.9084	1452.0479	
10	1278.0839	1494.9735	1331.3557	
11	1294.5287	1417.5538	1251.6488	
12	1355.4443	1424.1066	1251.1372	
13	1331.0250	1285.6613	1279.8909	
14	1484.8264	1268.6191	1368.6561	
15	1334.1373	1483.2125	1395.6594	
16	1419.9282	1365.5823	1416.4598	
17	1266.0679	1381.2346	1467.2252	
18	1382.2260	1350.3640	1272.4915	
19	1413.1941	1421.0560	1424.5973	
20	1311.6346	1351.9435	1369.2950	
[5,*,*]:1	2	3	:=
1	1320.6042	1347.9507	1264.3539	
2	1374.8450	1354.4189	1350.6136	
3	1298.2748	1374.4517	1412.0038	
4	1408.2782	1463.5925	1254.7224	
5	1300.2878	1396.3445	1482.2817	
6	1466.7686	1362.6549	1497.5291	
7	1285.7228	1328.2263	1250.2319	
8	1342.3389	1308.2068	1314.9552	
9	1490.9933	1336.5728	1251.2062	
10	1412.4438	1485.3425	1376.5011	
11	1418.7909	1494.7195	1357.0319	
12	1441.7385	1267.6063	1403.8513	
13	1346.3165	1473.9957	1327.4178	
14	1317.7070	1340.7605	1257.7684	
15	1336.9663	1300.1168	1453.9453	
16	1275.2794	1257.8739	1376.5658	
17	1401.4904	1370.3898	1285.0670	
18	1383.3164	1451.3298	1462.7646	
19	1472.6543	1446.9166	1486.0055	
20	1331.5166	1293.8807	1430.6465	
[6,*,*]:1	2	3	:=
1	1403.7584	1254.5817	1470.2069	
2	1432.3418	1344.4102	1411.0996	
3	1361.6523	1293.6370	1358.9110	
4	1353.1383	1254.5492	1250.2947	
5	1437.7769	1442.5013	1422.4537	
6	1296.6023	1419.7833	1257.9581	
7	1470.4685	1256.6425	1398.0184	
8	1259.0059	1404.5297	1255.6941	
9	1417.1753	1394.4596	1369.1351	
10	1324.0245	1364.8337	1455.4492	
11	1342.9449	1288.5474	1420.7711	
12	1400.5762	1386.6697	1374.5935	
13	1300.5856	1440.1747	1413.5048	
14	1468.1472	1404.5195	1417.0681	
15	1343.6122	1339.5421	1359.5537	
16	1383.5300	1499.2759	1331.0406	
17	1295.0964	1284.0492	1444.4105	
18	1278.9800	1273.2212	1499.1626	
19	1475.0582	1447.6805	1311.7832	
20	1296.4817	1419.4775	1264.4072	
[7,*,*]:1	2	3	:=
1	1367.8506	1479.4371	1406.0812	
2	1337.8146	1462.0864	1275.8118	
3	1409.6226	1409.1599	1472.0360	
4	1471.8826	1307.2789	1353.7681	
5	1337.0966	1458.6205	1374.8446	
6	1428.7538	1277.3314	1334.6394	
7	1442.6519	1251.1027	1327.3704	
8	1283.6366	1437.5767	1264.7559	
9	1285.2711	1377.8690	1416.4158	
10	1315.2009	1447.3561	1484.2716	
11	1449.3655	1272.8187	1428.2128	
12	1335.2482	1415.3850	1379.5997	
13	1423.4806	1298.7571	1443.8856	
14	1445.4250	1474.1628	1495.2029	
15	1372.6116	1365.7903	1370.5667	
16	1320.0127	1401.8588	1455.4408	
17	1252.1841	1311.3456	1400.1732	
18	1405.0126	1368.0732	1375.7192	
19	1437.9456	1456.0498	1329.6200	
20	1386.7399	1357.4762	1296.6584	
[8,*,*]:1	2	3	:=
1	1321.3613	1498.5446	1333.5151	
2	1263.1210	1390.1084	1444.3093	
3	1317.9148	1267.9691	1368.2031	
4	1467.7960	1434.9976	1338.7559	
5	1473.1722	1439.7024	1330.8956	
6	1476.6006	1359.0306	1341.7905	
7	1329.9812	1477.4468	1438.8256	
8	1445.2709	1410.2491	1433.6454	
9	1252.6647	1357.1372	1446.2180	
10	1479.4625	1380.6204	1422.1417	
11	1487.9838	1389.4807	1398.4501	
12	1358.5867	1323.9452	1424.4176	
13	1366.5012	1259.3966	1308.6010	
14	1493.2838	1434.9921	1394.2036	
15	1320.8185	1270.2904	1415.3182	
16	1334.6477	1469.5619	1488.5485	
17	1445.2225	1347.4342	1338.0253	
18	1345.5592	1440.1797	1383.0757	
19	1453.7761	1355.5245	1354.0618	
20	1437.5583	1391.5472	1258.9960	
[9,*,*]:1	2	3	:=
1	1342.6864	1316.2543	1267.9618	
2	1258.6375	1368.5931	1284.6929	
3	1315.2518	1298.0005	1362.4757	
4	1483.5822	1345.1340	1286.2278	
5	1392.3511	1266.2689	1254.2195	
6	1415.2528	1400.9458	1400.8325	
7	1339.7433	1327.0059	1455.8337	
8	1390.2030	1336.7603	1418.4388	
9	1425.0358	1418.5496	1418.2620	
10	1463.3259	1381.8259	1391.2352	
11	1446.8551	1403.7130	1360.5143	
12	1290.2812	1377.6414	1417.9608	
13	1407.1371	1447.7960	1452.7267	
14	1337.9648	1426.5385	1264.2030	
15	1402.4153	1258.7944	1477.2386	
16	1372.2000	1475.3538	1379.6298	
17	1397.2139	1319.9587	1339.4764	
18	1389.6057	1390.2303	1371.8123	
19	1494.4833	1340.4987	1468.7712	
20	1373.8180	1371.6891	1489.3781	
[10,*,*]:1	2	3	:=
1	1346.1429	1459.4725	1421.3177	
2	1329.1356	1300.9901	1487.2654	
3	1460.2068	1468.7197	1330.0129	
4	1264.3175	1299.6064	1348.8225	
5	1330.8370	1344.8530	1470.7557	
6	1334.6187	1251.9226	1312.8448	
7	1388.9561	1436.5951	1399.2823	
8	1427.1339	1450.8409	1466.0685	
9	1441.6464	1401.9486	1381.9014	
10	1435.7267	1498.3262	1377.6853	
11	1436.3962	1277.5812	1294.5565	
12	1382.7241	1497.3986	1414.7574	
13	1289.0686	1286.9524	1251.3807	
14	1464.8429	1354.7068	1484.4164	
15	1320.5450	1313.4633	1452.0739	
16	1310.0847	1421.5321	1282.3297	
17	1406.1245	1499.9658	1430.4487	
18	1384.4348	1294.2729	1331.1038	
19	1350.3840	1337.2222	1328.5737	
20	1291.3252	1490.9933	1309.7545	
;
param CT_wc:=	#Cost of transportation/unit weight from depot w to retailer c1 (Matrix of the cost CTij)
[1,*,*]:1	2	3	4	5	6	7	8	9	10	11	12	13	14	15	16	17	18	19	20	21	22	23	24	25	26	27	28	29	30	:=
1	16597.4961	6771.6377	16064.5488	97480.3594	49666.5547	6113.5986	2243.4053	132922.6719	39700.8086	14031.6055	146617.2188	198363.5469	63294.5781	11467.2832	8605.8477	115133.4844	1987.2582	162097.2500	86690.4219	7761.0381	120535.9062	58601.7695	42752.4102	29311.9160	30166.2520	156237.5469	32956.4180	187156.3906	3520.9263	88706.6562	
2	90623.5391	133517.7031	143927.6562	13726.9736	44206.0977	123803.2344	171035.0469	6663.2383	64511.2266	121322.6250	5217.7275	10726.2939	70734.6094	185216.7812	145285.3281	11861.8359	185584.4375	915.6080	54186.5625	199500.2812	8711.5635	38659.8203	49957.4023	141112.1875	65500.2617	11136.6387	89786.4531	 37.8771	142618.9219	25684.1055	
3	55628.5508	84223.2734	109263.3281	4525.3525	18924.7637	81455.0859	115054.9375	 22.7879	30014.8828	87166.2500	508.2255	8899.3037	32278.7930	142663.0938	91792.3984	545.7297	127043.0781	3173.3486	50527.6914	135498.8750	213.0515	22769.2070	23912.0332	112996.6953	36785.9180	21032.6875	46837.1797	8449.6318	98372.0234	19955.0137	
4	60497.1211	105737.8359	86052.3984	10898.8643	34454.5430	86556.6719	135601.4688	20046.5176	58134.8359	72770.2422	22318.8633	45267.2617	81088.8516	120185.6328	120984.1562	23120.3555	147873.6250	13903.0078	14389.6660	168715.9688	18584.4746	17235.9531	35377.1562	78096.9297	42158.2578	615.7347	84367.1875	13649.1582	98436.3984	5417.9590	
5	21021.2676	52121.9609	23023.1738	24117.2285	23527.2734	32629.6289	67828.8281	50138.5781	39701.6992	18354.0566	57799.3906	99043.9688	72606.5234	42068.3320	65622.0859	46095.1602	75242.2969	53711.7891	1996.0159	95885.3750	43549.3750	6858.7451	19422.6035	18038.0918	15631.7695	28787.8594	57204.5703	60952.0938	36382.4023	7525.1108	
6	16691.9766	6296.2549	52480.8203	57264.4180	21346.1172	16831.7910	12974.2656	71004.0547	8570.7061	38136.2070	79485.8828	107862.6562	10924.0469	58648.1094	4305.7236	56820.1016	16152.5957	99137.8750	93970.3438	13802.5908	63545.2109	43938.0742	20896.4922	71318.9766	20265.1777	122759.5156	2053.2048	122300.3516	23665.2520	70743.9219	
7	13016.0977	13368.1426	3844.2026	85107.7500	45837.4727	5239.2896	10943.2227	123773.7891	42995.9883	4303.9268	137318.2500	192448.3438	74287.5469	2298.1204	19037.2266	108435.0391	11691.5557	146937.8750	59430.9062	23181.5293	111551.8359	45014.4414	37963.8906	11196.7363	24485.8750	128888.4766	42137.6523	168112.5156	1798.9045	68743.9453	
8	4547.4521	11427.6885	33744.2500	21007.8711	2378.2642	11709.1543	24226.3242	35372.0898	1152.5828	20889.2070	42423.2188	71322.8047	11885.3037	47553.5508	15133.3965	26190.3926	29895.8613	52993.5039	42954.3789	35490.9062	29304.9707	11359.3887	1743.9685	43761.3789	2280.1169	62410.6250	4751.3940	69086.2578	19216.0332	26520.2578	
9	7915.8628	26284.1699	32057.3281	9107.2520	1742.2338	19544.9590	42940.5938	24290.2363	8242.0186	20420.9805	30487.8438	60169.6094	24936.8867	50743.3906	33845.3984	18364.7617	50201.2891	34946.9766	20364.4336	61225.8711	19056.0371	1426.7473	864.9678	36110.0859	1954.2904	34378.6328	18557.4883	46378.1953	27323.8418	8912.5371	
10	116195.3750	174907.4375	150513.8594	31965.6172	73803.0781	151910.7188	213936.9688	33250.6914	105554.2969	133671.0156	32381.8457	46745.1289	126969.2344	194848.5781	193195.0312	41677.0547	229505.9688	18375.5371	42050.2188	253516.1562	34789.2656	51057.3125	77068.7812	137720.8906	89378.7969	5184.5649	139890.9688	11788.7129	167954.0625	28740.5000	
[2,*,*]:1	2	3	4	5	6	7	8	9	10	11	12	13	14	15	16	17	18	19	20	21	22	23	24	25	26	27	28	29	30	:=
1	16597.4961	6771.6377	16064.5488	97480.3594	49666.5547	6113.5986	2243.4053	132922.6719	39700.8086	14031.6055	146617.2188	198363.5469	63294.5781	11467.2832	8605.8477	115133.4844	1987.2582	162097.2500	86690.4219	7761.0381	120535.9062	58601.7695	42752.4102	29311.9160	30166.2520	156237.5469	32956.4180	187156.3906	3520.9263	88706.6562	
2	90623.5391	133517.7031	143927.6562	13726.9736	44206.0977	123803.2344	171035.0469	6663.2383	64511.2266	121322.6250	5217.7275	10726.2939	70734.6094	185216.7812	145285.3281	11861.8359	185584.4375	915.6080	54186.5625	199500.2812	8711.5635	38659.8203	49957.4023	141112.1875	65500.2617	11136.6387	89786.4531	 37.8771	142618.9219	25684.1055	
3	55628.5508	84223.2734	109263.3281	4525.3525	18924.7637	81455.0859	115054.9375	 22.7879	30014.8828	87166.2500	508.2255	8899.3037	32278.7930	142663.0938	91792.3984	545.7297	127043.0781	3173.3486	50527.6914	135498.8750	213.0515	22769.2070	23912.0332	112996.6953	36785.9180	21032.6875	46837.1797	8449.6318	98372.0234	19955.0137	
4	60497.1211	105737.8359	86052.3984	10898.8643	34454.5430	86556.6719	135601.4688	20046.5176	58134.8359	72770.2422	22318.8633	45267.2617	81088.8516	120185.6328	120984.1562	23120.3555	147873.6250	13903.0078	14389.6660	168715.9688	18584.4746	17235.9531	35377.1562	78096.9297	42158.2578	615.7347	84367.1875	13649.1582	98436.3984	5417.9590	
5	21021.2676	52121.9609	23023.1738	24117.2285	23527.2734	32629.6289	67828.8281	50138.5781	39701.6992	18354.0566	57799.3906	99043.9688	72606.5234	42068.3320	65622.0859	46095.1602	75242.2969	53711.7891	1996.0159	95885.3750	43549.3750	6858.7451	19422.6035	18038.0918	15631.7695	28787.8594	57204.5703	60952.0938	36382.4023	7525.1108	
6	16691.9766	6296.2549	52480.8203	57264.4180	21346.1172	16831.7910	12974.2656	71004.0547	8570.7061	38136.2070	79485.8828	107862.6562	10924.0469	58648.1094	4305.7236	56820.1016	16152.5957	99137.8750	93970.3438	13802.5908	63545.2109	43938.0742	20896.4922	71318.9766	20265.1777	122759.5156	2053.2048	122300.3516	23665.2520	70743.9219	
7	13016.0977	13368.1426	3844.2026	85107.7500	45837.4727	5239.2896	10943.2227	123773.7891	42995.9883	4303.9268	137318.2500	192448.3438	74287.5469	2298.1204	19037.2266	108435.0391	11691.5557	146937.8750	59430.9062	23181.5293	111551.8359	45014.4414	37963.8906	11196.7363	24485.8750	128888.4766	42137.6523	168112.5156	1798.9045	68743.9453	
8	4547.4521	11427.6885	33744.2500	21007.8711	2378.2642	11709.1543	24226.3242	35372.0898	1152.5828	20889.2070	42423.2188	71322.8047	11885.3037	47553.5508	15133.3965	26190.3926	29895.8613	52993.5039	42954.3789	35490.9062	29304.9707	11359.3887	1743.9685	43761.3789	2280.1169	62410.6250	4751.3940	69086.2578	19216.0332	26520.2578	
9	7915.8628	26284.1699	32057.3281	9107.2520	1742.2338	19544.9590	42940.5938	24290.2363	8242.0186	20420.9805	30487.8438	60169.6094	24936.8867	50743.3906	33845.3984	18364.7617	50201.2891	34946.9766	20364.4336	61225.8711	19056.0371	1426.7473	864.9678	36110.0859	1954.2904	34378.6328	18557.4883	46378.1953	27323.8418	8912.5371	
10	116195.3750	174907.4375	150513.8594	31965.6172	73803.0781	151910.7188	213936.9688	33250.6914	105554.2969	133671.0156	32381.8457	46745.1289	126969.2344	194848.5781	193195.0312	41677.0547	229505.9688	18375.5371	42050.2188	253516.1562	34789.2656	51057.3125	77068.7812	137720.8906	89378.7969	5184.5649	139890.9688	11788.7129	167954.0625	28740.5000	
[3,*,*]:1	2	3	4	5	6	7	8	9	10	11	12	13	14	15	16	17	18	19	20	21	22	23	24	25	26	27	28	29	30	:=
1	16597.4961	6771.6377	16064.5488	97480.3594	49666.5547	6113.5986	2243.4053	132922.6719	39700.8086	14031.6055	146617.2188	198363.5469	63294.5781	11467.2832	8605.8477	115133.4844	1987.2582	162097.2500	86690.4219	7761.0381	120535.9062	58601.7695	42752.4102	29311.9160	30166.2520	156237.5469	32956.4180	187156.3906	3520.9263	88706.6562	
2	90623.5391	133517.7031	143927.6562	13726.9736	44206.0977	123803.2344	171035.0469	6663.2383	64511.2266	121322.6250	5217.7275	10726.2939	70734.6094	185216.7812	145285.3281	11861.8359	185584.4375	915.6080	54186.5625	199500.2812	8711.5635	38659.8203	49957.4023	141112.1875	65500.2617	11136.6387	89786.4531	 37.8771	142618.9219	25684.1055	
3	55628.5508	84223.2734	109263.3281	4525.3525	18924.7637	81455.0859	115054.9375	 22.7879	30014.8828	87166.2500	508.2255	8899.3037	32278.7930	142663.0938	91792.3984	545.7297	127043.0781	3173.3486	50527.6914	135498.8750	213.0515	22769.2070	23912.0332	112996.6953	36785.9180	21032.6875	46837.1797	8449.6318	98372.0234	19955.0137	
4	60497.1211	105737.8359	86052.3984	10898.8643	34454.5430	86556.6719	135601.4688	20046.5176	58134.8359	72770.2422	22318.8633	45267.2617	81088.8516	120185.6328	120984.1562	23120.3555	147873.6250	13903.0078	14389.6660	168715.9688	18584.4746	17235.9531	35377.1562	78096.9297	42158.2578	615.7347	84367.1875	13649.1582	98436.3984	5417.9590	
5	21021.2676	52121.9609	23023.1738	24117.2285	23527.2734	32629.6289	67828.8281	50138.5781	39701.6992	18354.0566	57799.3906	99043.9688	72606.5234	42068.3320	65622.0859	46095.1602	75242.2969	53711.7891	1996.0159	95885.3750	43549.3750	6858.7451	19422.6035	18038.0918	15631.7695	28787.8594	57204.5703	60952.0938	36382.4023	7525.1108	
6	16691.9766	6296.2549	52480.8203	57264.4180	21346.1172	16831.7910	12974.2656	71004.0547	8570.7061	38136.2070	79485.8828	107862.6562	10924.0469	58648.1094	4305.7236	56820.1016	16152.5957	99137.8750	93970.3438	13802.5908	63545.2109	43938.0742	20896.4922	71318.9766	20265.1777	122759.5156	2053.2048	122300.3516	23665.2520	70743.9219	
7	13016.0977	13368.1426	3844.2026	85107.7500	45837.4727	5239.2896	10943.2227	123773.7891	42995.9883	4303.9268	137318.2500	192448.3438	74287.5469	2298.1204	19037.2266	108435.0391	11691.5557	146937.8750	59430.9062	23181.5293	111551.8359	45014.4414	37963.8906	11196.7363	24485.8750	128888.4766	42137.6523	168112.5156	1798.9045	68743.9453	
8	4547.4521	11427.6885	33744.2500	21007.8711	2378.2642	11709.1543	24226.3242	35372.0898	1152.5828	20889.2070	42423.2188	71322.8047	11885.3037	47553.5508	15133.3965	26190.3926	29895.8613	52993.5039	42954.3789	35490.9062	29304.9707	11359.3887	1743.9685	43761.3789	2280.1169	62410.6250	4751.3940	69086.2578	19216.0332	26520.2578	
9	7915.8628	26284.1699	32057.3281	9107.2520	1742.2338	19544.9590	42940.5938	24290.2363	8242.0186	20420.9805	30487.8438	60169.6094	24936.8867	50743.3906	33845.3984	18364.7617	50201.2891	34946.9766	20364.4336	61225.8711	19056.0371	1426.7473	864.9678	36110.0859	1954.2904	34378.6328	18557.4883	46378.1953	27323.8418	8912.5371	
10	116195.3750	174907.4375	150513.8594	31965.6172	73803.0781	151910.7188	213936.9688	33250.6914	105554.2969	133671.0156	32381.8457	46745.1289	126969.2344	194848.5781	193195.0312	41677.0547	229505.9688	18375.5371	42050.2188	253516.1562	34789.2656	51057.3125	77068.7812	137720.8906	89378.7969	5184.5649	139890.9688	11788.7129	167954.0625	28740.5000	
;
param DEM_pct:=	#Demand of product 1 at retailer c at time period t
[1,*,*]:	1	2	3	4	5	:=
1	502.0000	422.0000	414.0000	552.0000	412.0000	 
2	507.0000	431.0000	471.0000	543.0000	569.0000	 
3	511.0000	407.0000	431.0000	557.0000	514.0000	 
4	447.0000	542.0000	516.0000	548.0000	502.0000	 
5	513.0000	414.0000	598.0000	518.0000	534.0000	 
6	414.0000	549.0000	569.0000	541.0000	517.0000	 
7	405.0000	406.0000	531.0000	517.0000	525.0000	 
8	516.0000	463.0000	574.0000	507.0000	409.0000	 
9	546.0000	552.0000	588.0000	431.0000	440.0000	 
10	435.0000	489.0000	558.0000	493.0000	540.0000	 
11	531.0000	417.0000	478.0000	505.0000	453.0000	 
12	512.0000	517.0000	538.0000	526.0000	528.0000	 
13	581.0000	417.0000	556.0000	453.0000	532.0000	 
14	470.0000	460.0000	509.0000	456.0000	571.0000	 
15	567.0000	479.0000	406.0000	403.0000	434.0000	 
16	527.0000	485.0000	531.0000	555.0000	489.0000	 
17	553.0000	578.0000	427.0000	593.0000	549.0000	 
18	529.0000	580.0000	594.0000	522.0000	463.0000	 
19	599.0000	443.0000	520.0000	479.0000	532.0000	 
20	425.0000	558.0000	436.0000	447.0000	466.0000	 
21	416.0000	549.0000	548.0000	512.0000	498.0000	 
22	590.0000	473.0000	587.0000	524.0000	475.0000	 
23	434.0000	503.0000	433.0000	582.0000	488.0000	 
24	578.0000	488.0000	526.0000	499.0000	586.0000	 
25	483.0000	515.0000	427.0000	494.0000	506.0000	 
26	518.0000	567.0000	570.0000	483.0000	595.0000	 
27	589.0000	457.0000	442.0000	595.0000	599.0000	 
28	435.0000	583.0000	542.0000	599.0000	568.0000	 
29	491.0000	517.0000	425.0000	593.0000	464.0000	 
30	462.0000	534.0000	433.0000	447.0000	532.0000	 
[2,*,*]:	1	2	3	4	5	:=
1	516.0000	580.0000	537.0000	465.0000	589.0000	 
2	431.0000	475.0000	499.0000	529.0000	403.0000	 
3	567.0000	597.0000	486.0000	424.0000	449.0000	 
4	593.0000	512.0000	565.0000	485.0000	512.0000	 
5	450.0000	514.0000	568.0000	520.0000	432.0000	 
6	546.0000	434.0000	412.0000	415.0000	477.0000	 
7	402.0000	406.0000	438.0000	595.0000	564.0000	 
8	523.0000	518.0000	462.0000	422.0000	565.0000	 
9	581.0000	567.0000	442.0000	427.0000	580.0000	 
10	436.0000	581.0000	587.0000	565.0000	563.0000	 
11	415.0000	466.0000	523.0000	525.0000	515.0000	 
12	508.0000	465.0000	469.0000	415.0000	582.0000	 
13	566.0000	408.0000	580.0000	554.0000	597.0000	 
14	559.0000	459.0000	513.0000	587.0000	531.0000	 
15	506.0000	458.0000	433.0000	492.0000	474.0000	 
16	435.0000	579.0000	451.0000	496.0000	490.0000	 
17	580.0000	436.0000	476.0000	419.0000	537.0000	 
18	452.0000	536.0000	587.0000	421.0000	410.0000	 
19	516.0000	414.0000	412.0000	462.0000	568.0000	 
20	478.0000	579.0000	420.0000	582.0000	546.0000	 
21	425.0000	544.0000	581.0000	570.0000	516.0000	 
22	457.0000	492.0000	586.0000	489.0000	492.0000	 
23	435.0000	456.0000	561.0000	410.0000	483.0000	 
24	577.0000	560.0000	477.0000	468.0000	525.0000	 
25	520.0000	582.0000	508.0000	442.0000	475.0000	 
26	536.0000	499.0000	447.0000	558.0000	530.0000	 
27	539.0000	423.0000	529.0000	525.0000	427.0000	 
28	535.0000	440.0000	436.0000	586.0000	469.0000	 
29	458.0000	496.0000	538.0000	488.0000	427.0000	 
30	552.0000	566.0000	436.0000	585.0000	409.0000	 
[3,*,*]:	1	2	3	4	5	:=
1	589.0000	570.0000	439.0000	476.0000	556.0000	 
2	574.0000	407.0000	485.0000	457.0000	467.0000	 
3	434.0000	539.0000	402.0000	493.0000	502.0000	 
4	540.0000	512.0000	512.0000	529.0000	506.0000	 
5	437.0000	410.0000	513.0000	511.0000	463.0000	 
6	435.0000	404.0000	409.0000	405.0000	455.0000	 
7	560.0000	498.0000	505.0000	457.0000	535.0000	 
8	535.0000	411.0000	503.0000	455.0000	510.0000	 
9	464.0000	565.0000	519.0000	556.0000	426.0000	 
10	597.0000	580.0000	499.0000	430.0000	444.0000	 
11	420.0000	446.0000	483.0000	425.0000	559.0000	 
12	598.0000	474.0000	512.0000	439.0000	478.0000	 
13	552.0000	527.0000	447.0000	588.0000	469.0000	 
14	560.0000	492.0000	475.0000	520.0000	495.0000	 
15	422.0000	505.0000	557.0000	520.0000	554.0000	 
16	457.0000	511.0000	438.0000	574.0000	432.0000	 
17	455.0000	496.0000	434.0000	495.0000	567.0000	 
18	460.0000	423.0000	474.0000	430.0000	555.0000	 
19	570.0000	504.0000	593.0000	426.0000	517.0000	 
20	476.0000	537.0000	589.0000	480.0000	507.0000	 
21	484.0000	419.0000	473.0000	586.0000	543.0000	 
22	417.0000	581.0000	557.0000	510.0000	599.0000	 
23	569.0000	426.0000	443.0000	593.0000	404.0000	 
24	511.0000	463.0000	523.0000	546.0000	467.0000	 
25	454.0000	536.0000	459.0000	490.0000	558.0000	 
26	453.0000	423.0000	519.0000	445.0000	538.0000	 
27	497.0000	538.0000	415.0000	510.0000	561.0000	 
28	548.0000	469.0000	530.0000	567.0000	474.0000	 
29	415.0000	458.0000	455.0000	561.0000	564.0000	 
30	532.0000	530.0000	448.0000	502.0000	539.0000	 
;
param FCW_w:=	#Fixed operating cost for depot w
1	11156.6484
2	8550.1611
3	8110.7349
4	11252.9531
5	8612.6885
6	11025.1260
7	11006.2666
8	11597.4727
9	9695.0459
10	9783.1035
;
param OFF_ip:	1	2	3	:=	#Off take of raw material i for product p
1	0.50	0.50	0.50	
2	0.50	0.50	0.50	
3	0.50	0.50	0.50	
4	0.50	0.50	0.50	
5	0.50	0.50	0.50	
6	0.50	0.50	0.50	
7	0.50	0.50	0.50	
8	0.50	0.50	0.50	
9	0.50	0.50	0.50	
10	0.50	0.50	0.50	
;
param PS_m:=	#Storage capacity at manufacturer m
1	101766.0000
2	100939.0000
3	160392.0000
;
param PS_w:=	#Storage capacity at depot w
1	122780.0000
2	152630.0000
3	168375.0000
4	111286.0000
5	143459.0000
6	82722.0000
7	129466.0000
8	141734.0000
9	156445.0000
10	61629.0000
;
param PS_h:=	#Storage capacity in hybrid facility h
1	91452.0000
2	131381.0000
3	136799.0000
4	158021.0000
5	101678.0000
;
param W_p:=	#Weight of product p
1	1.00
2	1.00
3	1.00
;
param B_p:=	#Disposal rate of product p (rand [0,1])
1	  0.0400
2	  0.0400
3	  0.0400
;
param CI_ph:	1	2	3	4	5	:=	#Inventory holding cost per unit of product p at hybrid facility h
1	3	3	3	3	3	 
2	3	3	3	3	3	 
3	3	3	3	3	3	 
;
param CT_mw:=	#Cost of transportation/unit weight from manufacturer m to depot w
[1,*,*]:1	2	3	4	5	6	7	8	9	10	:=
1	171395.9688	2404.2368	2940.2256	22795.9551	67043.1172	99031.0547	159623.0781	56559.2617	41127.6641	26556.9258	 
2	34963.6602	131395.4688	106577.1328	69455.0000	14049.8770	74983.6719	14991.9727	43803.8906	33783.1367	125443.2578	 
3	61387.0703	45768.8672	16860.4492	48448.8203	44141.0547	17404.2559	63731.2188	5465.1025	9790.0918	87335.9766	 
[2,*,*]:1	2	3	4	5	6	7	8	9	10	:=
1	171395.9688	2404.2368	2940.2256	22795.9551	67043.1172	99031.0547	159623.0781	56559.2617	41127.6641	26556.9258	 
2	34963.6602	131395.4688	106577.1328	69455.0000	14049.8770	74983.6719	14991.9727	43803.8906	33783.1367	125443.2578	 
3	61387.0703	45768.8672	16860.4492	48448.8203	44141.0547	17404.2559	63731.2188	5465.1025	9790.0918	87335.9766	 
[3,*,*]:1	2	3	4	5	6	7	8	9	10	:=
1	171395.9688	2404.2368	2940.2256	22795.9551	67043.1172	99031.0547	159623.0781	56559.2617	41127.6641	26556.9258	 
2	34963.6602	131395.4688	106577.1328	69455.0000	14049.8770	74983.6719	14991.9727	43803.8906	33783.1367	125443.2578	 
3	61387.0703	45768.8672	16860.4492	48448.8203	44141.0547	17404.2559	63731.2188	5465.1025	9790.0918	87335.9766	 
;
param CT_hc:=	#Cost of transportation/unit weight from hybrid facility h, to retailer c
[1,*,*]:1	2	3	4	5	6	7	8	9	10	11	12	13	14	15	16	17	18	19	20	21	22	23	24	25	26	27	28	29	30	:=
1	15511.6064	39160.8242	42376.3906	3937.6643	3493.4766	30711.8203	59185.4219	16465.9883	13205.0371	29586.0254	21535.9375	48312.7383	29709.9707	64844.3047	47985.9766	12564.4150	67669.1562	23727.1953	16852.7070	80090.6016	12309.9795	750.8363	3407.3726	44428.2969	6427.5869	22624.4980	26686.4336	32717.8203	39936.5664	4193.6108	 
2	54922.0703	87312.8359	103322.3281	2831.2627	19722.3008	81153.1797	118293.0781	739.6096	33604.9219	82838.4531	1462.2533	12417.0312	39908.4062	137246.0312	96514.9688	1966.3335	130459.8359	1725.7788	40660.9570	141485.8125	714.1002	19191.0156	23991.7344	104561.6875	35864.4727	13421.5645	52591.2891	5671.9858	97227.3047	14204.3047	 
3	6319.0088	10803.3145	38558.9258	23699.6191	3407.3613	13146.9600	23425.7871	36698.7344	436.6871	24774.2383	43638.1289	71088.2344	8771.1611	51957.9922	13504.5869	27045.6055	28957.1875	55696.2539	50464.9414	32986.8008	30731.8828	15054.9131	3179.4980	50111.9102	4260.9253	68794.0781	2665.5640	72643.8906	21117.5684	31613.6016	 
4	33434.2031	64533.8672	67109.1406	471.4405	10816.1055	54565.0156	90248.1797	7472.0938	24859.2656	51682.5898	10518.7119	31277.3965	39372.8477	95818.2109	74843.2188	6735.8262	100746.5078	9828.7314	19589.8906	114492.3984	5246.1084	5734.9419	12377.1182	66773.8594	19107.4160	10357.1973	42853.3125	15201.0225	66606.3359	3170.9482	 
5	3264.7549	1615.8772	13634.5508	56769.6094	21980.5039	320.6189	4415.5317	84086.2656	16538.1309	7543.8979	95060.7109	137984.5000	35955.6016	16933.2109	4733.6611	70129.0859	6704.3726	107746.2500	57252.0234	13185.1953	74290.0625	29603.3770	17487.3926	24765.2285	10112.0117	106431.8516	14799.6777	128631.9609	1716.4070	52765.9766	 
[2,*,*]:1	2	3	4	5	6	7	8	9	10	11	12	13	14	15	16	17	18	19	20	21	22	23	24	25	26	27	28	29	30	:=
1	15511.6064	39160.8242	42376.3906	3937.6643	3493.4766	30711.8203	59185.4219	16465.9883	13205.0371	29586.0254	21535.9375	48312.7383	29709.9707	64844.3047	47985.9766	12564.4150	67669.1562	23727.1953	16852.7070	80090.6016	12309.9795	750.8363	3407.3726	44428.2969	6427.5869	22624.4980	26686.4336	32717.8203	39936.5664	4193.6108	 
2	54922.0703	87312.8359	103322.3281	2831.2627	19722.3008	81153.1797	118293.0781	739.6096	33604.9219	82838.4531	1462.2533	12417.0312	39908.4062	137246.0312	96514.9688	1966.3335	130459.8359	1725.7788	40660.9570	141485.8125	714.1002	19191.0156	23991.7344	104561.6875	35864.4727	13421.5645	52591.2891	5671.9858	97227.3047	14204.3047	 
3	6319.0088	10803.3145	38558.9258	23699.6191	3407.3613	13146.9600	23425.7871	36698.7344	436.6871	24774.2383	43638.1289	71088.2344	8771.1611	51957.9922	13504.5869	27045.6055	28957.1875	55696.2539	50464.9414	32986.8008	30731.8828	15054.9131	3179.4980	50111.9102	4260.9253	68794.0781	2665.5640	72643.8906	21117.5684	31613.6016	 
4	33434.2031	64533.8672	67109.1406	471.4405	10816.1055	54565.0156	90248.1797	7472.0938	24859.2656	51682.5898	10518.7119	31277.3965	39372.8477	95818.2109	74843.2188	6735.8262	100746.5078	9828.7314	19589.8906	114492.3984	5246.1084	5734.9419	12377.1182	66773.8594	19107.4160	10357.1973	42853.3125	15201.0225	66606.3359	3170.9482	 
5	3264.7549	1615.8772	13634.5508	56769.6094	21980.5039	320.6189	4415.5317	84086.2656	16538.1309	7543.8979	95060.7109	137984.5000	35955.6016	16933.2109	4733.6611	70129.0859	6704.3726	107746.2500	57252.0234	13185.1953	74290.0625	29603.3770	17487.3926	24765.2285	10112.0117	106431.8516	14799.6777	128631.9609	1716.4070	52765.9766	 
[3,*,*]:1	2	3	4	5	6	7	8	9	10	11	12	13	14	15	16	17	18	19	20	21	22	23	24	25	26	27	28	29	30	:=
1	15511.6064	39160.8242	42376.3906	3937.6643	3493.4766	30711.8203	59185.4219	16465.9883	13205.0371	29586.0254	21535.9375	48312.7383	29709.9707	64844.3047	47985.9766	12564.4150	67669.1562	23727.1953	16852.7070	80090.6016	12309.9795	750.8363	3407.3726	44428.2969	6427.5869	22624.4980	26686.4336	32717.8203	39936.5664	4193.6108	 
2	54922.0703	87312.8359	103322.3281	2831.2627	19722.3008	81153.1797	118293.0781	739.6096	33604.9219	82838.4531	1462.2533	12417.0312	39908.4062	137246.0312	96514.9688	1966.3335	130459.8359	1725.7788	40660.9570	141485.8125	714.1002	19191.0156	23991.7344	104561.6875	35864.4727	13421.5645	52591.2891	5671.9858	97227.3047	14204.3047	 
3	6319.0088	10803.3145	38558.9258	23699.6191	3407.3613	13146.9600	23425.7871	36698.7344	436.6871	24774.2383	43638.1289	71088.2344	8771.1611	51957.9922	13504.5869	27045.6055	28957.1875	55696.2539	50464.9414	32986.8008	30731.8828	15054.9131	3179.4980	50111.9102	4260.9253	68794.0781	2665.5640	72643.8906	21117.5684	31613.6016	 
4	33434.2031	64533.8672	67109.1406	471.4405	10816.1055	54565.0156	90248.1797	7472.0938	24859.2656	51682.5898	10518.7119	31277.3965	39372.8477	95818.2109	74843.2188	6735.8262	100746.5078	9828.7314	19589.8906	114492.3984	5246.1084	5734.9419	12377.1182	66773.8594	19107.4160	10357.1973	42853.3125	15201.0225	66606.3359	3170.9482	 
5	3264.7549	1615.8772	13634.5508	56769.6094	21980.5039	320.6189	4415.5317	84086.2656	16538.1309	7543.8979	95060.7109	137984.5000	35955.6016	16933.2109	4733.6611	70129.0859	6704.3726	107746.2500	57252.0234	13185.1953	74290.0625	29603.3770	17487.3926	24765.2285	10112.0117	106431.8516	14799.6777	128631.9609	1716.4070	52765.9766	 
;
param CT_ch:=	#Cost of transportation/unit weight from retailer c to hybrid facility h
[1,*,*]:1	2	3	4	5	:=
1	15511.6064	54922.0703	6319.0088	33434.2031	3264.7549	 
2	39160.8242	87312.8359	10803.3145	64533.8672	1615.8772	 
3	42376.3906	103322.3281	38558.9258	67109.1406	13634.5508	 
4	3937.6643	2831.2627	23699.6191	471.4405	56769.6094	 
5	3493.4766	19722.3008	3407.3613	10816.1055	21980.5039	 
6	30711.8203	81153.1797	13146.9600	54565.0156	320.6189	 
7	59185.4219	118293.0781	23425.7871	90248.1797	4415.5317	 
8	16465.9883	739.6096	36698.7344	7472.0938	84086.2656	 
9	13205.0371	33604.9219	436.6871	24859.2656	16538.1309	 
10	29586.0254	82838.4531	24774.2383	51682.5898	7543.8979	 
11	21535.9375	1462.2533	43638.1289	10518.7119	95060.7109	 
12	48312.7383	12417.0312	71088.2344	31277.3965	137984.5000	 
13	29709.9707	39908.4062	8771.1611	39372.8477	35955.6016	 
14	64844.3047	137246.0312	51957.9922	95818.2109	16933.2109	 
15	47985.9766	96514.9688	13504.5869	74843.2188	4733.6611	 
16	12564.4150	1966.3335	27045.6055	6735.8262	70129.0859	 
17	67669.1562	130459.8359	28957.1875	100746.5078	6704.3726	 
18	23727.1953	1725.7788	55696.2539	9828.7314	107746.2500	 
19	16852.7070	40660.9570	50464.9414	19589.8906	57252.0234	 
20	80090.6016	141485.8125	32986.8008	114492.3984	13185.1953	 
21	12309.9795	714.1002	30731.8828	5246.1084	74290.0625	 
22	750.8363	19191.0156	15054.9131	5734.9419	29603.3770	 
23	3407.3726	23991.7344	3179.4980	12377.1182	17487.3926	 
24	44428.2969	104561.6875	50111.9102	66773.8594	24765.2285	 
25	6427.5869	35864.4727	4260.9253	19107.4160	10112.0117	 
26	22624.4980	13421.5645	68794.0781	10357.1973	106431.8516	 
27	26686.4336	52591.2891	2665.5640	42853.3125	14799.6777	 
28	32717.8203	5671.9858	72643.8906	15201.0225	128631.9609	 
29	39936.5664	97227.3047	21117.5684	66606.3359	1716.4070	 
30	4193.6108	14204.3047	31613.6016	3170.9482	52765.9766	 
[2,*,*]:1	2	3	4	5	:=
1	15511.6064	54922.0703	6319.0088	33434.2031	3264.7549	 
2	39160.8242	87312.8359	10803.3145	64533.8672	1615.8772	 
3	42376.3906	103322.3281	38558.9258	67109.1406	13634.5508	 
4	3937.6643	2831.2627	23699.6191	471.4405	56769.6094	 
5	3493.4766	19722.3008	3407.3613	10816.1055	21980.5039	 
6	30711.8203	81153.1797	13146.9600	54565.0156	320.6189	 
7	59185.4219	118293.0781	23425.7871	90248.1797	4415.5317	 
8	16465.9883	739.6096	36698.7344	7472.0938	84086.2656	 
9	13205.0371	33604.9219	436.6871	24859.2656	16538.1309	 
10	29586.0254	82838.4531	24774.2383	51682.5898	7543.8979	 
11	21535.9375	1462.2533	43638.1289	10518.7119	95060.7109	 
12	48312.7383	12417.0312	71088.2344	31277.3965	137984.5000	 
13	29709.9707	39908.4062	8771.1611	39372.8477	35955.6016	 
14	64844.3047	137246.0312	51957.9922	95818.2109	16933.2109	 
15	47985.9766	96514.9688	13504.5869	74843.2188	4733.6611	 
16	12564.4150	1966.3335	27045.6055	6735.8262	70129.0859	 
17	67669.1562	130459.8359	28957.1875	100746.5078	6704.3726	 
18	23727.1953	1725.7788	55696.2539	9828.7314	107746.2500	 
19	16852.7070	40660.9570	50464.9414	19589.8906	57252.0234	 
20	80090.6016	141485.8125	32986.8008	114492.3984	13185.1953	 
21	12309.9795	714.1002	30731.8828	5246.1084	74290.0625	 
22	750.8363	19191.0156	15054.9131	5734.9419	29603.3770	 
23	3407.3726	23991.7344	3179.4980	12377.1182	17487.3926	 
24	44428.2969	104561.6875	50111.9102	66773.8594	24765.2285	 
25	6427.5869	35864.4727	4260.9253	19107.4160	10112.0117	 
26	22624.4980	13421.5645	68794.0781	10357.1973	106431.8516	 
27	26686.4336	52591.2891	2665.5640	42853.3125	14799.6777	 
28	32717.8203	5671.9858	72643.8906	15201.0225	128631.9609	 
29	39936.5664	97227.3047	21117.5684	66606.3359	1716.4070	 
30	4193.6108	14204.3047	31613.6016	3170.9482	52765.9766	 
[3,*,*]:1	2	3	4	5	:=
1	15511.6064	54922.0703	6319.0088	33434.2031	3264.7549	 
2	39160.8242	87312.8359	10803.3145	64533.8672	1615.8772	 
3	42376.3906	103322.3281	38558.9258	67109.1406	13634.5508	 
4	3937.6643	2831.2627	23699.6191	471.4405	56769.6094	 
5	3493.4766	19722.3008	3407.3613	10816.1055	21980.5039	 
6	30711.8203	81153.1797	13146.9600	54565.0156	320.6189	 
7	59185.4219	118293.0781	23425.7871	90248.1797	4415.5317	 
8	16465.9883	739.6096	36698.7344	7472.0938	84086.2656	 
9	13205.0371	33604.9219	436.6871	24859.2656	16538.1309	 
10	29586.0254	82838.4531	24774.2383	51682.5898	7543.8979	 
11	21535.9375	1462.2533	43638.1289	10518.7119	95060.7109	 
12	48312.7383	12417.0312	71088.2344	31277.3965	137984.5000	 
13	29709.9707	39908.4062	8771.1611	39372.8477	35955.6016	 
14	64844.3047	137246.0312	51957.9922	95818.2109	16933.2109	 
15	47985.9766	96514.9688	13504.5869	74843.2188	4733.6611	 
16	12564.4150	1966.3335	27045.6055	6735.8262	70129.0859	 
17	67669.1562	130459.8359	28957.1875	100746.5078	6704.3726	 
18	23727.1953	1725.7788	55696.2539	9828.7314	107746.2500	 
19	16852.7070	40660.9570	50464.9414	19589.8906	57252.0234	 
20	80090.6016	141485.8125	32986.8008	114492.3984	13185.1953	 
21	12309.9795	714.1002	30731.8828	5246.1084	74290.0625	 
22	750.8363	19191.0156	15054.9131	5734.9419	29603.3770	 
23	3407.3726	23991.7344	3179.4980	12377.1182	17487.3926	 
24	44428.2969	104561.6875	50111.9102	66773.8594	24765.2285	 
25	6427.5869	35864.4727	4260.9253	19107.4160	10112.0117	 
26	22624.4980	13421.5645	68794.0781	10357.1973	106431.8516	 
27	26686.4336	52591.2891	2665.5640	42853.3125	14799.6777	 
28	32717.8203	5671.9858	72643.8906	15201.0225	128631.9609	 
29	39936.5664	97227.3047	21117.5684	66606.3359	1716.4070	 
30	4193.6108	14204.3047	31613.6016	3170.9482	52765.9766	 
;
param CT_hm:=	#Cost of transportation/unit weight from hybrid facility h to manufacturer m 
[1,*,*]:1	2	3	:=
1	29812.0215	40717.6523	11664.7461	 
2	3273.2324	97567.1328	20820.5098	 
3	58205.2188	50532.5586	4609.5557	 
4	15015.0820	60937.8984	17892.9941	 
5	115177.2188	27884.3652	31034.6230	 
[2,*,*]:1	2	3	:=
1	29812.0215	40717.6523	11664.7461	 
2	3273.2324	97567.1328	20820.5098	 
3	58205.2188	50532.5586	4609.5557	 
4	15015.0820	60937.8984	17892.9941	 
5	115177.2188	27884.3652	31034.6230	 
[3,*,*]:1	2	3	:=
1	29812.0215	40717.6523	11664.7461	 
2	3273.2324	97567.1328	20820.5098	 
3	58205.2188	50532.5586	4609.5557	 
4	15015.0820	60937.8984	17892.9941	 
5	115177.2188	27884.3652	31034.6230	 
;
param CT_mh:=	#Cost of transportation/unit weight from manufacturer m to hybrid facility h 
[1,*,*]:1	2	3	4	5	:=
1	29812.0215	3273.2324	58205.2188	15015.0820	115177.2188	 
2	40717.6523	97567.1328	50532.5586	60937.8984	27884.3652	 
3	11664.7461	20820.5098	4609.5557	17892.9941	31034.6230	 
[2,*,*]:1	2	3	4	5	:=
1	29812.0215	3273.2324	58205.2188	15015.0820	115177.2188	 
2	40717.6523	97567.1328	50532.5586	60937.8984	27884.3652	 
3	11664.7461	20820.5098	4609.5557	17892.9941	31034.6230	 
[3,*,*]:1	2	3	4	5	:=
1	29812.0215	3273.2324	58205.2188	15015.0820	115177.2188	 
2	40717.6523	97567.1328	50532.5586	60937.8984	27884.3652	 
3	11664.7461	20820.5098	4609.5557	17892.9941	31034.6230	 
;
param D_uh:=	#Distance from urban center u to hybrid facility h 
[1,*,*]:1	2	3	4	5	:=
1	36176.4414	15149.7637	88253.3516	18225.4824	136759.8281	 
2	3886.8262	27856.0547	3640.2708	14116.5303	14621.7090	 
3	4002.4829	30790.2832	16627.3672	12452.3564	23182.1992	 
4	53082.2617	102567.2266	15793.8398	80910.3984	6443.6050	 
5	9401.3535	20276.9160	3686.1982	15973.5137	28247.6582	 
6	24991.7188	74689.5547	18095.8398	46226.9688	4629.1675	 
[2,*,*]:1	2	3	4	5	:=
1	36176.4414	15149.7637	88253.3516	18225.4824	136759.8281	 
2	3886.8262	27856.0547	3640.2708	14116.5303	14621.7090	 
3	4002.4829	30790.2832	16627.3672	12452.3564	23182.1992	 
4	53082.2617	102567.2266	15793.8398	80910.3984	6443.6050	 
5	9401.3535	20276.9160	3686.1982	15973.5137	28247.6582	 
6	24991.7188	74689.5547	18095.8398	46226.9688	4629.1675	 
[3,*,*]:1	2	3	4	5	:=
1	36176.4414	15149.7637	88253.3516	18225.4824	136759.8281	 
2	3886.8262	27856.0547	3640.2708	14116.5303	14621.7090	 
3	4002.4829	30790.2832	16627.3672	12452.3564	23182.1992	 
4	53082.2617	102567.2266	15793.8398	80910.3984	6443.6050	 
5	9401.3535	20276.9160	3686.1982	15973.5137	28247.6582	 
6	24991.7188	74689.5547	18095.8398	46226.9688	4629.1675	 
;
param Surrounding:=	31691.9023	;
param Pop_u:=	#Population per urban center u
1	66412.5156
2	116503.9375
3	113207.9688
4	79363.9062
5	111313.6250
6	99388.7969
;
param CR_pm:	1	2	3	:=	#Cost of recycled/reprocessed per unit of product p in manufacturer m
1	85.4969	81.0269	88.1267	 
2	81.5647	89.4673	87.6247	 
3	89.0022	76.8736	77.7131	 
;
param FCH_h:=	#Operating fixed cost for hybrid facility h
1	11673.0059
2	8977.2686
3	9461.6846
4	8932.7168
5	10432.7197
;
param FCM_m:=	#Fixed cost for opening manufacturing plant m
1	36455.4922
2	47189.7109
3	32623.2852
;
param A_pct:=	#Return rate of product p available in retailer c at time period t (rand [0,1])
[1,*,*]:	1	2	3	4	5	:=
1	0.5000	0.5000	0.5000	0.5000	0.5000	 
2	0.5000	0.5000	0.5000	0.5000	0.5000	 
3	0.5000	0.5000	0.5000	0.5000	0.5000	 
4	0.5000	0.5000	0.5000	0.5000	0.5000	 
5	0.5000	0.5000	0.5000	0.5000	0.5000	 
6	0.5000	0.5000	0.5000	0.5000	0.5000	 
7	0.5000	0.5000	0.5000	0.5000	0.5000	 
8	0.5000	0.5000	0.5000	0.5000	0.5000	 
9	0.5000	0.5000	0.5000	0.5000	0.5000	 
10	0.5000	0.5000	0.5000	0.5000	0.5000	 
11	0.5000	0.5000	0.5000	0.5000	0.5000	 
12	0.5000	0.5000	0.5000	0.5000	0.5000	 
13	0.5000	0.5000	0.5000	0.5000	0.5000	 
14	0.5000	0.5000	0.5000	0.5000	0.5000	 
15	0.5000	0.5000	0.5000	0.5000	0.5000	 
16	0.5000	0.5000	0.5000	0.5000	0.5000	 
17	0.5000	0.5000	0.5000	0.5000	0.5000	 
18	0.5000	0.5000	0.5000	0.5000	0.5000	 
19	0.5000	0.5000	0.5000	0.5000	0.5000	 
20	0.5000	0.5000	0.5000	0.5000	0.5000	 
21	0.5000	0.5000	0.5000	0.5000	0.5000	 
22	0.5000	0.5000	0.5000	0.5000	0.5000	 
23	0.5000	0.5000	0.5000	0.5000	0.5000	 
24	0.5000	0.5000	0.5000	0.5000	0.5000	 
25	0.5000	0.5000	0.5000	0.5000	0.5000	 
26	0.5000	0.5000	0.5000	0.5000	0.5000	 
27	0.5000	0.5000	0.5000	0.5000	0.5000	 
28	0.5000	0.5000	0.5000	0.5000	0.5000	 
29	0.5000	0.5000	0.5000	0.5000	0.5000	 
30	0.5000	0.5000	0.5000	0.5000	0.5000	 
[2,*,*]:	1	2	3	4	5	:=
1	0.5000	0.5000	0.5000	0.5000	0.5000	 
2	0.5000	0.5000	0.5000	0.5000	0.5000	 
3	0.5000	0.5000	0.5000	0.5000	0.5000	 
4	0.5000	0.5000	0.5000	0.5000	0.5000	 
5	0.5000	0.5000	0.5000	0.5000	0.5000	 
6	0.5000	0.5000	0.5000	0.5000	0.5000	 
7	0.5000	0.5000	0.5000	0.5000	0.5000	 
8	0.5000	0.5000	0.5000	0.5000	0.5000	 
9	0.5000	0.5000	0.5000	0.5000	0.5000	 
10	0.5000	0.5000	0.5000	0.5000	0.5000	 
11	0.5000	0.5000	0.5000	0.5000	0.5000	 
12	0.5000	0.5000	0.5000	0.5000	0.5000	 
13	0.5000	0.5000	0.5000	0.5000	0.5000	 
14	0.5000	0.5000	0.5000	0.5000	0.5000	 
15	0.5000	0.5000	0.5000	0.5000	0.5000	 
16	0.5000	0.5000	0.5000	0.5000	0.5000	 
17	0.5000	0.5000	0.5000	0.5000	0.5000	 
18	0.5000	0.5000	0.5000	0.5000	0.5000	 
19	0.5000	0.5000	0.5000	0.5000	0.5000	 
20	0.5000	0.5000	0.5000	0.5000	0.5000	 
21	0.5000	0.5000	0.5000	0.5000	0.5000	 
22	0.5000	0.5000	0.5000	0.5000	0.5000	 
23	0.5000	0.5000	0.5000	0.5000	0.5000	 
24	0.5000	0.5000	0.5000	0.5000	0.5000	 
25	0.5000	0.5000	0.5000	0.5000	0.5000	 
26	0.5000	0.5000	0.5000	0.5000	0.5000	 
27	0.5000	0.5000	0.5000	0.5000	0.5000	 
28	0.5000	0.5000	0.5000	0.5000	0.5000	 
29	0.5000	0.5000	0.5000	0.5000	0.5000	 
30	0.5000	0.5000	0.5000	0.5000	0.5000	 
[3,*,*]:	1	2	3	4	5	:=
1	0.5000	0.5000	0.5000	0.5000	0.5000	 
2	0.5000	0.5000	0.5000	0.5000	0.5000	 
3	0.5000	0.5000	0.5000	0.5000	0.5000	 
4	0.5000	0.5000	0.5000	0.5000	0.5000	 
5	0.5000	0.5000	0.5000	0.5000	0.5000	 
6	0.5000	0.5000	0.5000	0.5000	0.5000	 
7	0.5000	0.5000	0.5000	0.5000	0.5000	 
8	0.5000	0.5000	0.5000	0.5000	0.5000	 
9	0.5000	0.5000	0.5000	0.5000	0.5000	 
10	0.5000	0.5000	0.5000	0.5000	0.5000	 
11	0.5000	0.5000	0.5000	0.5000	0.5000	 
12	0.5000	0.5000	0.5000	0.5000	0.5000	 
13	0.5000	0.5000	0.5000	0.5000	0.5000	 
14	0.5000	0.5000	0.5000	0.5000	0.5000	 
15	0.5000	0.5000	0.5000	0.5000	0.5000	 
16	0.5000	0.5000	0.5000	0.5000	0.5000	 
17	0.5000	0.5000	0.5000	0.5000	0.5000	 
18	0.5000	0.5000	0.5000	0.5000	0.5000	 
19	0.5000	0.5000	0.5000	0.5000	0.5000	 
20	0.5000	0.5000	0.5000	0.5000	0.5000	 
21	0.5000	0.5000	0.5000	0.5000	0.5000	 
22	0.5000	0.5000	0.5000	0.5000	0.5000	 
23	0.5000	0.5000	0.5000	0.5000	0.5000	 
24	0.5000	0.5000	0.5000	0.5000	0.5000	 
25	0.5000	0.5000	0.5000	0.5000	0.5000	 
26	0.5000	0.5000	0.5000	0.5000	0.5000	 
27	0.5000	0.5000	0.5000	0.5000	0.5000	 
28	0.5000	0.5000	0.5000	0.5000	0.5000	 
29	0.5000	0.5000	0.5000	0.5000	0.5000	 
30	0.5000	0.5000	0.5000	0.5000	0.5000	 
;
param SL:=	1.64	;	 
param SDS_p:=	#Sales standar deviation of product p 
1	 56.6431
2	 58.0465
3	 56.9328
;
param L_p:=	#Average lead time for product p at retailers (Lead time = Order to ship time + Transit lead time) - 4months
1	  3.9580
2	  2.4333
3	  3.0711
;
param CM_pm:=	#manufacturing capacity limit
1	225475.0000
2	225475.0000
3	225475.0000
;
param Mbig:=	 225475.0000;
param CO_vk:1	2	3:=	#Cost of CO2 emission per vehicle type v with size k
1	0.0003	0.001	0.002	#Electric Vehicle
2	0.001	0.003	0.006;	#Internal combustion

param VC_vk:1	2	3:= #Cost per vehicle type v with size k
1	100	200	1000	#Electric Vehicle
2	50	100	500	; 	#Internal combustion

param VQ_vk:1	2	3:=	#Capacity per vehicle type v with size k
1	10	20	50	#Electric Vehicle
2	10	20	50	; 	#Internal combustion

