#Coord Suppliers
# 	1	 99.8969		261.2197	
# 	2	 93.0236		275.5833	
# 	3	219.7850		183.5232	
# 	4	344.6585		155.5254	
# 	5	133.5602		 56.3164	
# 	6	 36.3336		221.5321	
# 	7	198.5891		 47.4930	
# 	8	395.9717		 82.2259	
# 	9	186.4058		 88.8240	
# 	10	282.9546		173.9513	
#Coord Manufacturers
# 	1	269.9681		 79.7457	
# 	2	128.1086		 76.0765	
# 	3	147.4038		 43.2493	
#Coord Warehouse
# 	1	 74.5258		289.1792	
# 	2	432.1020		 56.5244	
# 	3	 10.9380		 61.3667	
# 	4	314.9296		233.8544	
# 	5	 10.3199		173.2989	
# 	6	  0.7390		154.6418	
# 	7	287.9078		295.6873	
# 	8	116.5939		240.7491	
# 	9	391.7174		276.8249	
# 	10	  0.9964		140.8465	
#Coord Hybrids
# 	1	441.6609		119.6834	
# 	2	366.1796		163.9370	
# 	3	346.8843		145.4793	
# 	4	 13.1002		 25.9577	
# 	5	 50.1542		 75.3735	
#Coord Retailers
# 	1	434.2119		189.5298	
# 	2	367.4971		169.8246	
# 	3	285.9103		243.5707	
# 	4	417.0072		273.7880	
# 	5	371.1649		 28.2608	
# 	6	162.4718		 10.6527	
# 	7	245.8613		238.8428	
# 	8	 23.0143		 56.6003	
# 	9	164.4650		 73.2873	
# 	10	357.7894		105.6285	
# 	11	287.4950		148.0245	
# 	12	262.5749		281.7898	
# 	13	424.5930		 33.5077	
# 	14	379.5997		103.8084	
# 	15	 45.3723		115.0227	
# 	16	229.6597		288.3309	
# 	17	167.1807		  3.7108	
# 	18	386.8681		 33.3332	
# 	19	215.2526		254.9940	
# 	20	231.6321		133.9823	
# 	21	360.2144		  6.1174	
# 	22	257.6784		123.4151	
# 	23	443.3116		240.4205	
# 	24	 24.2829		 57.1433	
# 	25	203.5885		210.8826	
#Coord Urban center
# 	1	149.4217		107.9950	
# 	2	414.6617		286.0892	
# 	3	183.4586		269.5714	
# 	4	148.6140		 24.8216	
# 	5	237.0229		198.2533	
# 	6	401.8429		289.5473	

#Parameters

param I:=	5;	#Raw material
param S:=	10;	#Supplier
param M:=	3;	#Manufacturer
param H:=	5;	#Hybrid
param W:=	10;	#Warehouse
param C:=	25;	#Retailer
param P:=	3;	#Products
param T:=	5;	#Time period
param TV:=	2;	#Type of vehicle
param SZ:=	3;	#Size of vehicle
param UC:=	6;	#Urban centers

param CI_im:	1	2	3	:=	#Inventory holding cost/unit of raw material i at manufacturer m
1	3	3	3	 
2	3	3	3	 
3	3	3	3	 
4	3	3	3	 
5	3	3	3	 
; 
param CI_pw:	1	2	3	4	5	6	7	8	9	10	:=	#Inventory holding cost/unit of product p at depot w
1	3	3	3	3	3	3	3	3	3	3	 
2	3	3	3	3	3	3	3	3	3	3	 
3	3	3	3	3	3	3	3	3	3	3	 
;
param CP_pm:	1	2	3	:=	#Production cost of product p at manufacturer m
1	107.6993	107.5910	107.1005	 
2	107.0155	107.6733	109.7435	 
3	103.7371	100.8305	102.3964	 
;
param CT_ism:=	#Cost of raw material i per unit from supplier s to manufacturer m
[1,*,*]:1	2	3	:=
1	1305.3707	1340.8999	1452.5786	
2	1265.0240	1362.4359	1453.2926	
3	1316.0596	1265.8502	1310.5270	
4	1271.2676	1451.9443	1292.5625	
5	1298.8362	1453.6605	1452.5714	
6	1397.3435	1478.6836	1264.9554	
7	1491.2491	1392.7438	1325.6295	
8	1456.4265	1414.8544	1496.6254	
9	1276.8724	1395.2296	1368.2070	
10	1413.0677	1310.4647	1257.7825	
[2,*,*]:1	2	3	:=
1	1386.0581	1341.1775	1473.0834	
2	1364.8364	1354.6636	1408.2264	
3	1381.7947	1490.3027	1447.2526	
4	1374.1738	1302.7853	1400.9960	
5	1437.1439	1438.9659	1498.3760	
6	1304.6244	1356.4093	1355.9624	
7	1329.6616	1341.3333	1369.4854	
8	1385.5226	1316.3076	1283.5909	
9	1325.4716	1284.1200	1329.4250	
10	1419.7957	1400.3353	1499.3064	
[3,*,*]:1	2	3	:=
1	1390.2286	1387.1815	1410.5874	
2	1431.6974	1403.9534	1397.1250	
3	1401.2511	1338.6964	1444.3455	
4	1401.1509	1327.3077	1311.4077	
5	1267.8165	1336.9323	1253.2120	
6	1291.4104	1265.0916	1319.5389	
7	1337.0830	1397.8055	1443.7533	
8	1406.1886	1289.9203	1473.4407	
9	1432.6478	1374.4420	1410.9100	
10	1377.3688	1292.0520	1410.3662	
[4,*,*]:1	2	3	:=
1	1497.0420	1442.5823	1295.3704	
2	1279.9423	1482.5854	1477.5244	
3	1437.2961	1440.1329	1285.7190	
4	1452.9861	1298.0698	1288.6863	
5	1351.7698	1250.0957	1461.3794	
6	1290.2831	1434.8126	1395.7277	
7	1442.5649	1399.9983	1490.3668	
8	1344.9446	1374.2526	1334.5847	
9	1435.6877	1325.1240	1449.6965	
10	1271.4874	1308.9159	1359.5422	
[5,*,*]:1	2	3	:=
1	1281.5115	1300.7581	1460.3857	
2	1343.1082	1304.6704	1461.5332	
3	1393.8436	1408.4291	1472.2322	
4	1428.4897	1316.2782	1252.4271	
5	1387.3658	1426.8816	1451.4236	
6	1297.6641	1408.5536	1484.6382	
7	1314.5466	1323.1201	1356.4110	
8	1392.7947	1497.5139	1397.0499	
9	1471.9749	1414.0529	1368.1947	
10	1326.3871	1337.5449	1444.2836	
;
param CT_wc:=	#Cost of transportation/unit weight from depot w to retailer c1 (Matrix of the cost CTij)
[1,*,*]:1	2	3	4	5	6	7	8	9	10	11	12	13	14	15	16	17	18	19	20	21	22	23	24	25	:=
1	139304.0625	100077.7031	46763.5312	117530.3906	156073.1094	85311.4844	31889.5918	56746.3633	54698.3789	113929.1094	65280.5078	35417.0664	187914.9688	127432.4141	31180.3965	24067.2402	90077.0938	163014.8750	20972.6504	48768.4414	161741.9531	61022.6172	138380.3750	56364.9688	22787.5234	
2	17694.8965	17010.7324	56358.3516	47431.3438	4512.1675	74804.6641	67925.6328	167352.7969	71910.5703	7933.5815	29283.4746	79483.9531	586.1514	4992.2715	152981.9375	94717.1875	72972.5859	2583.9377	86413.8828	46187.9297	7708.6904	34897.9609	33943.4258	166316.7969	76044.9062	
3	195586.5938	138897.5469	108808.0938	210015.0312	130859.4219	25534.4102	86686.7344	168.5553	23712.6523	122265.0078	83993.3672	111907.5000	171886.6562	137712.8125	4064.6943	99351.9688	27735.9824	142109.3438	79236.0078	53978.9336	125046.5234	64730.8555	219007.2188	195.9252	59469.2422	
4	16192.9180	6863.1528	936.5298	12014.5205	45431.1172	73062.3750	4795.3247	116633.5781	48421.4023	18278.8398	8119.4263	5038.8218	52164.8477	21094.1699	86782.1406	10238.6602	74795.8047	45383.8828	10382.4004	16912.9062	53914.8398	15474.5410	16525.0410	115702.2812	12924.5537	
5	179947.8438	127587.6094	80888.1953	175492.6094	151245.1250	49603.9688	59775.7344	13779.6973	33763.0312	125314.3203	77464.7969	75402.8594	191163.7969	141196.5312	4624.7769	61342.3125	53365.4062	161378.9375	48671.4922	50524.8711	150375.8125	63674.6211	191987.1250	13687.0732	38765.2773	
6	189115.9219	134742.0312	89231.0469	187475.0312	153187.5000	46890.3633	67174.7422	10108.3193	33424.7695	129887.3047	82272.7812	84724.6719	194325.7188	146119.5156	3561.8018	70277.4766	50482.9961	163811.4844	56086.6523	53738.4414	151282.0938	66992.9922	203228.5156	10060.2666	44310.9531	
7	32674.2812	22175.8750	2720.1294	17146.2168	78448.6719	96978.9219	4999.2139	127331.1875	64699.9219	41005.7930	21804.4707	834.8993	87420.9844	45224.9062	91463.1953	3446.9656	99825.3281	78622.8047	6934.7334	29315.4590	89078.9609	30591.5410	27204.7480	126401.3047	14301.5898	
8	103504.5547	67982.6797	28675.9863	91339.6875	109957.6094	55049.1172	16713.6777	42667.9180	30335.0898	76432.8125	37805.0039	22994.7812	137812.4219	87924.7812	20879.6406	15047.8965	58746.1445	116069.4531	9936.4453	24632.9102	114402.9531	33672.0938	106744.5312	42232.3867	8460.0547	
9	9426.2080	12035.6855	12300.9883	648.7947	62206.5039	123401.1797	22716.6562	184440.8594	93071.2266	30459.3223	27451.8516	16702.4395	60284.0547	30081.5293	146134.9062	26395.0996	125008.0391	59311.7070	31616.4297	46031.3047	74274.9688	41501.0234	3987.2410	183268.0625	39740.8789	
10	190045.6875	135162.5000	91728.1875	190738.4062	149700.2188	43024.7344	69562.0703	7582.2090	31286.2344	128541.5312	82132.9531	88288.3125	190955.7344	144712.2969	2636.0859	74038.5469	46423.4102	160456.0781	58935.3555	53239.9336	147189.5156	66189.5078	205557.6875	7548.4854	45948.6055	
[2,*,*]:1	2	3	4	5	6	7	8	9	10	11	12	13	14	15	16	17	18	19	20	21	22	23	24	25	:=
1	139304.0625	100077.7031	46763.5312	117530.3906	156073.1094	85311.4844	31889.5918	56746.3633	54698.3789	113929.1094	65280.5078	35417.0664	187914.9688	127432.4141	31180.3965	24067.2402	90077.0938	163014.8750	20972.6504	48768.4414	161741.9531	61022.6172	138380.3750	56364.9688	22787.5234	
2	17694.8965	17010.7324	56358.3516	47431.3438	4512.1675	74804.6641	67925.6328	167352.7969	71910.5703	7933.5815	29283.4746	79483.9531	586.1514	4992.2715	152981.9375	94717.1875	72972.5859	2583.9377	86413.8828	46187.9297	7708.6904	34897.9609	33943.4258	166316.7969	76044.9062	
3	195586.5938	138897.5469	108808.0938	210015.0312	130859.4219	25534.4102	86686.7344	168.5553	23712.6523	122265.0078	83993.3672	111907.5000	171886.6562	137712.8125	4064.6943	99351.9688	27735.9824	142109.3438	79236.0078	53978.9336	125046.5234	64730.8555	219007.2188	195.9252	59469.2422	
4	16192.9180	6863.1528	936.5298	12014.5205	45431.1172	73062.3750	4795.3247	116633.5781	48421.4023	18278.8398	8119.4263	5038.8218	52164.8477	21094.1699	86782.1406	10238.6602	74795.8047	45383.8828	10382.4004	16912.9062	53914.8398	15474.5410	16525.0410	115702.2812	12924.5537	
5	179947.8438	127587.6094	80888.1953	175492.6094	151245.1250	49603.9688	59775.7344	13779.6973	33763.0312	125314.3203	77464.7969	75402.8594	191163.7969	141196.5312	4624.7769	61342.3125	53365.4062	161378.9375	48671.4922	50524.8711	150375.8125	63674.6211	191987.1250	13687.0732	38765.2773	
6	189115.9219	134742.0312	89231.0469	187475.0312	153187.5000	46890.3633	67174.7422	10108.3193	33424.7695	129887.3047	82272.7812	84724.6719	194325.7188	146119.5156	3561.8018	70277.4766	50482.9961	163811.4844	56086.6523	53738.4414	151282.0938	66992.9922	203228.5156	10060.2666	44310.9531	
7	32674.2812	22175.8750	2720.1294	17146.2168	78448.6719	96978.9219	4999.2139	127331.1875	64699.9219	41005.7930	21804.4707	834.8993	87420.9844	45224.9062	91463.1953	3446.9656	99825.3281	78622.8047	6934.7334	29315.4590	89078.9609	30591.5410	27204.7480	126401.3047	14301.5898	
8	103504.5547	67982.6797	28675.9863	91339.6875	109957.6094	55049.1172	16713.6777	42667.9180	30335.0898	76432.8125	37805.0039	22994.7812	137812.4219	87924.7812	20879.6406	15047.8965	58746.1445	116069.4531	9936.4453	24632.9102	114402.9531	33672.0938	106744.5312	42232.3867	8460.0547	
9	9426.2080	12035.6855	12300.9883	648.7947	62206.5039	123401.1797	22716.6562	184440.8594	93071.2266	30459.3223	27451.8516	16702.4395	60284.0547	30081.5293	146134.9062	26395.0996	125008.0391	59311.7070	31616.4297	46031.3047	74274.9688	41501.0234	3987.2410	183268.0625	39740.8789	
10	190045.6875	135162.5000	91728.1875	190738.4062	149700.2188	43024.7344	69562.0703	7582.2090	31286.2344	128541.5312	82132.9531	88288.3125	190955.7344	144712.2969	2636.0859	74038.5469	46423.4102	160456.0781	58935.3555	53239.9336	147189.5156	66189.5078	205557.6875	7548.4854	45948.6055	
[3,*,*]:1	2	3	4	5	6	7	8	9	10	11	12	13	14	15	16	17	18	19	20	21	22	23	24	25	:=
1	139304.0625	100077.7031	46763.5312	117530.3906	156073.1094	85311.4844	31889.5918	56746.3633	54698.3789	113929.1094	65280.5078	35417.0664	187914.9688	127432.4141	31180.3965	24067.2402	90077.0938	163014.8750	20972.6504	48768.4414	161741.9531	61022.6172	138380.3750	56364.9688	22787.5234	
2	17694.8965	17010.7324	56358.3516	47431.3438	4512.1675	74804.6641	67925.6328	167352.7969	71910.5703	7933.5815	29283.4746	79483.9531	586.1514	4992.2715	152981.9375	94717.1875	72972.5859	2583.9377	86413.8828	46187.9297	7708.6904	34897.9609	33943.4258	166316.7969	76044.9062	
3	195586.5938	138897.5469	108808.0938	210015.0312	130859.4219	25534.4102	86686.7344	168.5553	23712.6523	122265.0078	83993.3672	111907.5000	171886.6562	137712.8125	4064.6943	99351.9688	27735.9824	142109.3438	79236.0078	53978.9336	125046.5234	64730.8555	219007.2188	195.9252	59469.2422	
4	16192.9180	6863.1528	936.5298	12014.5205	45431.1172	73062.3750	4795.3247	116633.5781	48421.4023	18278.8398	8119.4263	5038.8218	52164.8477	21094.1699	86782.1406	10238.6602	74795.8047	45383.8828	10382.4004	16912.9062	53914.8398	15474.5410	16525.0410	115702.2812	12924.5537	
5	179947.8438	127587.6094	80888.1953	175492.6094	151245.1250	49603.9688	59775.7344	13779.6973	33763.0312	125314.3203	77464.7969	75402.8594	191163.7969	141196.5312	4624.7769	61342.3125	53365.4062	161378.9375	48671.4922	50524.8711	150375.8125	63674.6211	191987.1250	13687.0732	38765.2773	
6	189115.9219	134742.0312	89231.0469	187475.0312	153187.5000	46890.3633	67174.7422	10108.3193	33424.7695	129887.3047	82272.7812	84724.6719	194325.7188	146119.5156	3561.8018	70277.4766	50482.9961	163811.4844	56086.6523	53738.4414	151282.0938	66992.9922	203228.5156	10060.2666	44310.9531	
7	32674.2812	22175.8750	2720.1294	17146.2168	78448.6719	96978.9219	4999.2139	127331.1875	64699.9219	41005.7930	21804.4707	834.8993	87420.9844	45224.9062	91463.1953	3446.9656	99825.3281	78622.8047	6934.7334	29315.4590	89078.9609	30591.5410	27204.7480	126401.3047	14301.5898	
8	103504.5547	67982.6797	28675.9863	91339.6875	109957.6094	55049.1172	16713.6777	42667.9180	30335.0898	76432.8125	37805.0039	22994.7812	137812.4219	87924.7812	20879.6406	15047.8965	58746.1445	116069.4531	9936.4453	24632.9102	114402.9531	33672.0938	106744.5312	42232.3867	8460.0547	
9	9426.2080	12035.6855	12300.9883	648.7947	62206.5039	123401.1797	22716.6562	184440.8594	93071.2266	30459.3223	27451.8516	16702.4395	60284.0547	30081.5293	146134.9062	26395.0996	125008.0391	59311.7070	31616.4297	46031.3047	74274.9688	41501.0234	3987.2410	183268.0625	39740.8789	
10	190045.6875	135162.5000	91728.1875	190738.4062	149700.2188	43024.7344	69562.0703	7582.2090	31286.2344	128541.5312	82132.9531	88288.3125	190955.7344	144712.2969	2636.0859	74038.5469	46423.4102	160456.0781	58935.3555	53239.9336	147189.5156	66189.5078	205557.6875	7548.4854	45948.6055	
;
param DEM_pct:=	#Demand of product 1 at retailer c at time period t
[1,*,*]:	1	2	3	4	5	:=
1	436.0000	428.0000	443.0000	534.0000	474.0000	 
2	441.0000	466.0000	416.0000	487.0000	562.0000	 
3	489.0000	489.0000	406.0000	456.0000	415.0000	 
4	410.0000	573.0000	543.0000	566.0000	427.0000	 
5	473.0000	583.0000	487.0000	585.0000	592.0000	 
6	401.0000	487.0000	517.0000	470.0000	475.0000	 
7	471.0000	446.0000	405.0000	546.0000	600.0000	 
8	408.0000	572.0000	509.0000	404.0000	414.0000	 
9	505.0000	421.0000	459.0000	455.0000	594.0000	 
10	494.0000	457.0000	588.0000	593.0000	544.0000	 
11	427.0000	578.0000	488.0000	557.0000	544.0000	 
12	531.0000	553.0000	562.0000	492.0000	497.0000	 
13	419.0000	474.0000	577.0000	444.0000	550.0000	 
14	561.0000	439.0000	553.0000	531.0000	595.0000	 
15	478.0000	551.0000	569.0000	476.0000	445.0000	 
16	474.0000	531.0000	451.0000	572.0000	459.0000	 
17	553.0000	464.0000	501.0000	575.0000	497.0000	 
18	525.0000	469.0000	494.0000	412.0000	504.0000	 
19	490.0000	460.0000	435.0000	468.0000	459.0000	 
20	473.0000	562.0000	579.0000	583.0000	484.0000	 
21	580.0000	517.0000	599.0000	425.0000	551.0000	 
22	518.0000	503.0000	552.0000	567.0000	566.0000	 
23	469.0000	476.0000	519.0000	409.0000	563.0000	 
24	517.0000	489.0000	528.0000	591.0000	561.0000	 
25	531.0000	442.0000	594.0000	477.0000	581.0000	 
[2,*,*]:	1	2	3	4	5	:=
1	500.0000	534.0000	577.0000	412.0000	459.0000	 
2	436.0000	409.0000	468.0000	583.0000	451.0000	 
3	423.0000	588.0000	499.0000	494.0000	538.0000	 
4	563.0000	445.0000	440.0000	485.0000	570.0000	 
5	585.0000	438.0000	538.0000	489.0000	576.0000	 
6	459.0000	454.0000	404.0000	574.0000	433.0000	 
7	456.0000	449.0000	584.0000	416.0000	467.0000	 
8	536.0000	433.0000	516.0000	485.0000	403.0000	 
9	521.0000	469.0000	442.0000	595.0000	568.0000	 
10	490.0000	464.0000	403.0000	546.0000	453.0000	 
11	502.0000	525.0000	551.0000	432.0000	418.0000	 
12	555.0000	410.0000	481.0000	407.0000	442.0000	 
13	438.0000	568.0000	549.0000	449.0000	517.0000	 
14	499.0000	418.0000	472.0000	550.0000	426.0000	 
15	448.0000	471.0000	401.0000	555.0000	479.0000	 
16	528.0000	505.0000	556.0000	532.0000	480.0000	 
17	425.0000	485.0000	401.0000	416.0000	566.0000	 
18	503.0000	558.0000	548.0000	506.0000	545.0000	 
19	589.0000	590.0000	451.0000	582.0000	494.0000	 
20	442.0000	482.0000	517.0000	578.0000	581.0000	 
21	512.0000	561.0000	506.0000	419.0000	487.0000	 
22	540.0000	551.0000	536.0000	400.0000	536.0000	 
23	596.0000	443.0000	543.0000	440.0000	553.0000	 
24	587.0000	442.0000	566.0000	460.0000	576.0000	 
25	406.0000	551.0000	443.0000	473.0000	432.0000	 
[3,*,*]:	1	2	3	4	5	:=
1	561.0000	440.0000	471.0000	473.0000	454.0000	 
2	445.0000	550.0000	515.0000	555.0000	431.0000	 
3	509.0000	416.0000	420.0000	486.0000	518.0000	 
4	543.0000	514.0000	415.0000	475.0000	548.0000	 
5	590.0000	581.0000	498.0000	587.0000	450.0000	 
6	523.0000	553.0000	400.0000	416.0000	464.0000	 
7	443.0000	435.0000	510.0000	528.0000	497.0000	 
8	540.0000	464.0000	473.0000	427.0000	443.0000	 
9	497.0000	565.0000	495.0000	577.0000	587.0000	 
10	554.0000	556.0000	403.0000	539.0000	407.0000	 
11	551.0000	485.0000	417.0000	586.0000	437.0000	 
12	592.0000	557.0000	585.0000	525.0000	470.0000	 
13	540.0000	492.0000	547.0000	591.0000	411.0000	 
14	433.0000	486.0000	405.0000	472.0000	485.0000	 
15	435.0000	408.0000	527.0000	447.0000	540.0000	 
16	483.0000	580.0000	460.0000	508.0000	457.0000	 
17	590.0000	456.0000	535.0000	471.0000	537.0000	 
18	524.0000	555.0000	525.0000	491.0000	490.0000	 
19	431.0000	424.0000	431.0000	586.0000	534.0000	 
20	581.0000	523.0000	443.0000	403.0000	507.0000	 
21	595.0000	559.0000	414.0000	473.0000	427.0000	 
22	454.0000	536.0000	465.0000	502.0000	458.0000	 
23	482.0000	476.0000	517.0000	416.0000	599.0000	 
24	427.0000	411.0000	582.0000	473.0000	401.0000	 
25	450.0000	562.0000	549.0000	529.0000	565.0000	 
;
param FCW_w:=	#Fixed operating cost for depot w
1	9891.3018
2	11675.6084
3	9078.6133
4	9986.5801
5	11317.5195
6	10175.3936
7	8959.3682
8	9334.6094
9	11442.1230
10	10115.9814
;
param OFF_ip:	1	2	3	:=	#Off take of raw material i for product p
1	0.50	0.50	0.50	
2	0.50	0.50	0.50	
3	0.50	0.50	0.50	
4	0.50	0.50	0.50	
5	0.50	0.50	0.50	
;
param PS_m:=	#Storage capacity at manufacturer m
1	79003.0000
2	104995.0000
3	60531.0000
;
param PS_w:=	#Storage capacity at depot w
1	115957.0000
2	80695.0000
3	94973.0000
4	79087.0000
5	126784.0000
6	63195.0000
7	127890.0000
8	108528.0000
9	63666.0000
10	61333.0000
;
param PS_h:=	#Storage capacity in hybrid facility h
1	70967.0000
2	88148.0000
3	134902.0000
4	119995.0000
5	73612.0000
;
param W_p:=	#Weight of product p
1	1.00
2	1.00
3	1.00
;
param B_p:=	#Disposal rate of product p (rand [0,1])
1	  0.0200
2	  0.0200
3	  0.0200
;
param CI_ph:	1	2	3	4	5	:=	#Inventory holding cost per unit of product p at hybrid facility h
1	3	3	3	3	3	 
2	3	3	3	3	3	 
3	3	3	3	3	3	 
;
param CT_mw:=	#Cost of transportation/unit weight from manufacturer m to depot w
[1,*,*]:1	2	3	4	5	6	7	8	9	10	:=
1	82060.0781	26826.6250	67434.4219	25771.0098	76169.4062	78093.7656	46952.5938	49445.7188	53663.0742	76079.1016	 
2	48283.8867	92794.2578	13945.3477	59795.9531	23326.3828	22395.5430	73764.7109	27249.6562	109789.5078	20352.6816	 
3	65792.7031	81229.3125	18951.1582	64395.2148	35704.8789	33918.8555	83466.3438	39955.4102	114246.7031	30960.3398	 
[2,*,*]:1	2	3	4	5	6	7	8	9	10	:=
1	82060.0781	26826.6250	67434.4219	25771.0098	76169.4062	78093.7656	46952.5938	49445.7188	53663.0742	76079.1016	 
2	48283.8867	92794.2578	13945.3477	59795.9531	23326.3828	22395.5430	73764.7109	27249.6562	109789.5078	20352.6816	 
3	65792.7031	81229.3125	18951.1582	64395.2148	35704.8789	33918.8555	83466.3438	39955.4102	114246.7031	30960.3398	 
[3,*,*]:1	2	3	4	5	6	7	8	9	10	:=
1	82060.0781	26826.6250	67434.4219	25771.0098	76169.4062	78093.7656	46952.5938	49445.7188	53663.0742	76079.1016	 
2	48283.8867	92794.2578	13945.3477	59795.9531	23326.3828	22395.5430	73764.7109	27249.6562	109789.5078	20352.6816	 
3	65792.7031	81229.3125	18951.1582	64395.2148	35704.8789	33918.8555	83466.3438	39955.4102	114246.7031	30960.3398	 
;
param CT_hc:=	#Cost of transportation/unit weight from hybrid facility h, to retailer c
[1,*,*]:1	2	3	4	5	6	7	8	9	10	11	12	13	14	15	16	17	18	19	20	21	22	23	24	25	:=
1	4934.0054	8014.4121	39606.3281	24356.0312	13327.7949	89834.2812	52536.4766	179244.5156	78990.1953	7231.9844	24570.3672	58350.2891	7717.5669	4103.6104	157066.4531	73386.5156	88789.0781	10458.6162	69569.7109	44316.5820	19530.7793	33863.5039	14580.1553	178115.6562	64995.7969	 
2	5283.3784	 36.4002	12784.7070	14650.6982	18432.8652	64992.9375	20087.3984	129283.6094	48906.1562	3470.2744	6444.4814	24623.2344	20423.9102	3795.5369	105309.9688	34111.5625	65272.9922	17485.3477	31070.3672	19000.3223	24942.5898	13414.5361	11799.0684	128298.2031	28639.7812	 
3	9566.5410	1017.5784	13339.7588	21380.3359	14329.7217	52186.2031	18922.4023	112791.2891	38488.5078	1707.0095	3533.5757	25688.6289	18576.2812	2806.7595	91837.1406	34148.2031	52391.7109	14175.4492	29320.3906	13415.2637	19599.4336	8444.5293	18312.0352	111874.8984	24811.2969	 
4	204090.8438	146294.8594	121780.7500	224560.7188	128215.5859	22546.1172	99497.7734	1037.2581	25151.3887	125158.0391	90192.7969	127687.6719	169383.3750	140382.6250	8974.0635	115737.7109	24235.7168	139756.8281	93323.2109	59425.5039	120881.9062	69316.4375	231076.0938	1097.5973	70483.0156	 
5	160531.9375	109627.5156	83871.2188	173949.4062	105267.4453	16804.0273	65023.4531	1089.0101	13071.3096	95554.7500	61608.8008	87730.2188	141957.2031	109342.8984	1594.9248	77573.0625	18830.7383	115143.6406	59520.9844	36369.2109	100933.7500	45374.2852	181813.2031	1001.6625	41904.7891	 
[2,*,*]:1	2	3	4	5	6	7	8	9	10	11	12	13	14	15	16	17	18	19	20	21	22	23	24	25	:=
1	4934.0054	8014.4121	39606.3281	24356.0312	13327.7949	89834.2812	52536.4766	179244.5156	78990.1953	7231.9844	24570.3672	58350.2891	7717.5669	4103.6104	157066.4531	73386.5156	88789.0781	10458.6162	69569.7109	44316.5820	19530.7793	33863.5039	14580.1553	178115.6562	64995.7969	 
2	5283.3784	 36.4002	12784.7070	14650.6982	18432.8652	64992.9375	20087.3984	129283.6094	48906.1562	3470.2744	6444.4814	24623.2344	20423.9102	3795.5369	105309.9688	34111.5625	65272.9922	17485.3477	31070.3672	19000.3223	24942.5898	13414.5361	11799.0684	128298.2031	28639.7812	 
3	9566.5410	1017.5784	13339.7588	21380.3359	14329.7217	52186.2031	18922.4023	112791.2891	38488.5078	1707.0095	3533.5757	25688.6289	18576.2812	2806.7595	91837.1406	34148.2031	52391.7109	14175.4492	29320.3906	13415.2637	19599.4336	8444.5293	18312.0352	111874.8984	24811.2969	 
4	204090.8438	146294.8594	121780.7500	224560.7188	128215.5859	22546.1172	99497.7734	1037.2581	25151.3887	125158.0391	90192.7969	127687.6719	169383.3750	140382.6250	8974.0635	115737.7109	24235.7168	139756.8281	93323.2109	59425.5039	120881.9062	69316.4375	231076.0938	1097.5973	70483.0156	 
5	160531.9375	109627.5156	83871.2188	173949.4062	105267.4453	16804.0273	65023.4531	1089.0101	13071.3096	95554.7500	61608.8008	87730.2188	141957.2031	109342.8984	1594.9248	77573.0625	18830.7383	115143.6406	59520.9844	36369.2109	100933.7500	45374.2852	181813.2031	1001.6625	41904.7891	 
[3,*,*]:1	2	3	4	5	6	7	8	9	10	11	12	13	14	15	16	17	18	19	20	21	22	23	24	25	:=
1	4934.0054	8014.4121	39606.3281	24356.0312	13327.7949	89834.2812	52536.4766	179244.5156	78990.1953	7231.9844	24570.3672	58350.2891	7717.5669	4103.6104	157066.4531	73386.5156	88789.0781	10458.6162	69569.7109	44316.5820	19530.7793	33863.5039	14580.1553	178115.6562	64995.7969	 
2	5283.3784	 36.4002	12784.7070	14650.6982	18432.8652	64992.9375	20087.3984	129283.6094	48906.1562	3470.2744	6444.4814	24623.2344	20423.9102	3795.5369	105309.9688	34111.5625	65272.9922	17485.3477	31070.3672	19000.3223	24942.5898	13414.5361	11799.0684	128298.2031	28639.7812	 
3	9566.5410	1017.5784	13339.7588	21380.3359	14329.7217	52186.2031	18922.4023	112791.2891	38488.5078	1707.0095	3533.5757	25688.6289	18576.2812	2806.7595	91837.1406	34148.2031	52391.7109	14175.4492	29320.3906	13415.2637	19599.4336	8444.5293	18312.0352	111874.8984	24811.2969	 
4	204090.8438	146294.8594	121780.7500	224560.7188	128215.5859	22546.1172	99497.7734	1037.2581	25151.3887	125158.0391	90192.7969	127687.6719	169383.3750	140382.6250	8974.0635	115737.7109	24235.7168	139756.8281	93323.2109	59425.5039	120881.9062	69316.4375	231076.0938	1097.5973	70483.0156	 
5	160531.9375	109627.5156	83871.2188	173949.4062	105267.4453	16804.0273	65023.4531	1089.0101	13071.3096	95554.7500	61608.8008	87730.2188	141957.2031	109342.8984	1594.9248	77573.0625	18830.7383	115143.6406	59520.9844	36369.2109	100933.7500	45374.2852	181813.2031	1001.6625	41904.7891	 
;
param CT_ch:=	#Cost of transportation/unit weight from retailer c to hybrid facility h
[1,*,*]:1	2	3	4	5	:=
1	4934.0054	5283.3784	9566.5410	204090.8438	160531.9375	 
2	8014.4121	 36.4002	1017.5784	146294.8594	109627.5156	 
3	39606.3281	12784.7070	13339.7588	121780.7500	83871.2188	 
4	24356.0312	14650.6982	21380.3359	224560.7188	173949.4062	 
5	13327.7949	18432.8652	14329.7217	128215.5859	105267.4453	 
6	89834.2812	64992.9375	52186.2031	22546.1172	16804.0273	 
7	52536.4766	20087.3984	18922.4023	99497.7734	65023.4531	 
8	179244.5156	129283.6094	112791.2891	1037.2581	1089.0101	 
9	78990.1953	48906.1562	38488.5078	25151.3887	13071.3096	 
10	7231.9844	3470.2744	1707.0095	125158.0391	95554.7500	 
11	24570.3672	6444.4814	3533.5757	90192.7969	61608.8008	 
12	58350.2891	24623.2344	25688.6289	127687.6719	87730.2188	 
13	7717.5669	20423.9102	18576.2812	169383.3750	141957.2031	 
14	4103.6104	3795.5369	2806.7595	140382.6250	109342.8984	 
15	157066.4531	105309.9688	91837.1406	8974.0635	1594.9248	 
16	73386.5156	34111.5625	34148.2031	115737.7109	77573.0625	 
17	88789.0781	65272.9922	52391.7109	24235.7168	18830.7383	 
18	10458.6162	17485.3477	14175.4492	139756.8281	115143.6406	 
19	69569.7109	31070.3672	29320.3906	93323.2109	59520.9844	 
20	44316.5820	19000.3223	13415.2637	59425.5039	36369.2109	 
21	19530.7793	24942.5898	19599.4336	120881.9062	100933.7500	 
22	33863.5039	13414.5361	8444.5293	69316.4375	45374.2852	 
23	14580.1553	11799.0684	18312.0352	231076.0938	181813.2031	 
24	178115.6562	128298.2031	111874.8984	1097.5973	1001.6625	 
25	64995.7969	28639.7812	24811.2969	70483.0156	41904.7891	 
[2,*,*]:1	2	3	4	5	:=
1	4934.0054	5283.3784	9566.5410	204090.8438	160531.9375	 
2	8014.4121	 36.4002	1017.5784	146294.8594	109627.5156	 
3	39606.3281	12784.7070	13339.7588	121780.7500	83871.2188	 
4	24356.0312	14650.6982	21380.3359	224560.7188	173949.4062	 
5	13327.7949	18432.8652	14329.7217	128215.5859	105267.4453	 
6	89834.2812	64992.9375	52186.2031	22546.1172	16804.0273	 
7	52536.4766	20087.3984	18922.4023	99497.7734	65023.4531	 
8	179244.5156	129283.6094	112791.2891	1037.2581	1089.0101	 
9	78990.1953	48906.1562	38488.5078	25151.3887	13071.3096	 
10	7231.9844	3470.2744	1707.0095	125158.0391	95554.7500	 
11	24570.3672	6444.4814	3533.5757	90192.7969	61608.8008	 
12	58350.2891	24623.2344	25688.6289	127687.6719	87730.2188	 
13	7717.5669	20423.9102	18576.2812	169383.3750	141957.2031	 
14	4103.6104	3795.5369	2806.7595	140382.6250	109342.8984	 
15	157066.4531	105309.9688	91837.1406	8974.0635	1594.9248	 
16	73386.5156	34111.5625	34148.2031	115737.7109	77573.0625	 
17	88789.0781	65272.9922	52391.7109	24235.7168	18830.7383	 
18	10458.6162	17485.3477	14175.4492	139756.8281	115143.6406	 
19	69569.7109	31070.3672	29320.3906	93323.2109	59520.9844	 
20	44316.5820	19000.3223	13415.2637	59425.5039	36369.2109	 
21	19530.7793	24942.5898	19599.4336	120881.9062	100933.7500	 
22	33863.5039	13414.5361	8444.5293	69316.4375	45374.2852	 
23	14580.1553	11799.0684	18312.0352	231076.0938	181813.2031	 
24	178115.6562	128298.2031	111874.8984	1097.5973	1001.6625	 
25	64995.7969	28639.7812	24811.2969	70483.0156	41904.7891	 
[3,*,*]:1	2	3	4	5	:=
1	4934.0054	5283.3784	9566.5410	204090.8438	160531.9375	 
2	8014.4121	 36.4002	1017.5784	146294.8594	109627.5156	 
3	39606.3281	12784.7070	13339.7588	121780.7500	83871.2188	 
4	24356.0312	14650.6982	21380.3359	224560.7188	173949.4062	 
5	13327.7949	18432.8652	14329.7217	128215.5859	105267.4453	 
6	89834.2812	64992.9375	52186.2031	22546.1172	16804.0273	 
7	52536.4766	20087.3984	18922.4023	99497.7734	65023.4531	 
8	179244.5156	129283.6094	112791.2891	1037.2581	1089.0101	 
9	78990.1953	48906.1562	38488.5078	25151.3887	13071.3096	 
10	7231.9844	3470.2744	1707.0095	125158.0391	95554.7500	 
11	24570.3672	6444.4814	3533.5757	90192.7969	61608.8008	 
12	58350.2891	24623.2344	25688.6289	127687.6719	87730.2188	 
13	7717.5669	20423.9102	18576.2812	169383.3750	141957.2031	 
14	4103.6104	3795.5369	2806.7595	140382.6250	109342.8984	 
15	157066.4531	105309.9688	91837.1406	8974.0635	1594.9248	 
16	73386.5156	34111.5625	34148.2031	115737.7109	77573.0625	 
17	88789.0781	65272.9922	52391.7109	24235.7168	18830.7383	 
18	10458.6162	17485.3477	14175.4492	139756.8281	115143.6406	 
19	69569.7109	31070.3672	29320.3906	93323.2109	59520.9844	 
20	44316.5820	19000.3223	13415.2637	59425.5039	36369.2109	 
21	19530.7793	24942.5898	19599.4336	120881.9062	100933.7500	 
22	33863.5039	13414.5361	8444.5293	69316.4375	45374.2852	 
23	14580.1553	11799.0684	18312.0352	231076.0938	181813.2031	 
24	178115.6562	128298.2031	111874.8984	1097.5973	1001.6625	 
25	64995.7969	28639.7812	24811.2969	70483.0156	41904.7891	 
;
param CT_hm:=	#Cost of transportation/unit weight from hybrid facility h to manufacturer m 
[1,*,*]:1	2	3	:=
1	31073.4414	100216.6172	92429.4609	 
2	16344.8105	64397.2578	62428.3828	 
3	10237.0059	52679.5625	50243.4727	 
4	68874.2812	15738.8301	18336.4492	 
5	48337.2812	6077.3887	10489.4463	 
[2,*,*]:1	2	3	:=
1	31073.4414	100216.6172	92429.4609	 
2	16344.8105	64397.2578	62428.3828	 
3	10237.0059	52679.5625	50243.4727	 
4	68874.2812	15738.8301	18336.4492	 
5	48337.2812	6077.3887	10489.4463	 
[3,*,*]:1	2	3	:=
1	31073.4414	100216.6172	92429.4609	 
2	16344.8105	64397.2578	62428.3828	 
3	10237.0059	52679.5625	50243.4727	 
4	68874.2812	15738.8301	18336.4492	 
5	48337.2812	6077.3887	10489.4463	 
;
param CT_mh:=	#Cost of transportation/unit weight from manufacturer m to hybrid facility h 
[1,*,*]:1	2	3	4	5	:=
1	31073.4414	16344.8105	10237.0059	68874.2812	48337.2812	 
2	100216.6172	64397.2578	52679.5625	15738.8301	6077.3887	 
3	92429.4609	62428.3828	50243.4727	18336.4492	10489.4463	 
[2,*,*]:1	2	3	4	5	:=
1	31073.4414	16344.8105	10237.0059	68874.2812	48337.2812	 
2	100216.6172	64397.2578	52679.5625	15738.8301	6077.3887	 
3	92429.4609	62428.3828	50243.4727	18336.4492	10489.4463	 
[3,*,*]:1	2	3	4	5	:=
1	31073.4414	16344.8105	10237.0059	68874.2812	48337.2812	 
2	100216.6172	64397.2578	52679.5625	15738.8301	6077.3887	 
3	92429.4609	62428.3828	50243.4727	18336.4492	10489.4463	 
;
param D_uh:=	#Distance from urban center u to hybrid facility h 
[1,*,*]:1	2	3	4	5	:=
1	85540.4219	50113.5234	40396.5859	25313.6523	10918.1855	 
2	28419.8242	17271.6797	24364.9062	228920.0312	177266.8281	 
3	89134.8594	44545.6094	42106.8125	88369.5781	55482.8477	 
4	94875.3125	66687.9141	53869.4375	18365.2676	12249.8232	 
5	48049.9609	17859.0762	14854.6318	79827.1406	50019.3438	 
6	30439.1953	17049.8242	23776.0195	220600.3750	169555.3438	 
[2,*,*]:1	2	3	4	5	:=
1	85540.4219	50113.5234	40396.5859	25313.6523	10918.1855	 
2	28419.8242	17271.6797	24364.9062	228920.0312	177266.8281	 
3	89134.8594	44545.6094	42106.8125	88369.5781	55482.8477	 
4	94875.3125	66687.9141	53869.4375	18365.2676	12249.8232	 
5	48049.9609	17859.0762	14854.6318	79827.1406	50019.3438	 
6	30439.1953	17049.8242	23776.0195	220600.3750	169555.3438	 
[3,*,*]:1	2	3	4	5	:=
1	85540.4219	50113.5234	40396.5859	25313.6523	10918.1855	 
2	28419.8242	17271.6797	24364.9062	228920.0312	177266.8281	 
3	89134.8594	44545.6094	42106.8125	88369.5781	55482.8477	 
4	94875.3125	66687.9141	53869.4375	18365.2676	12249.8232	 
5	48049.9609	17859.0762	14854.6318	79827.1406	50019.3438	 
6	30439.1953	17049.8242	23776.0195	220600.3750	169555.3438	 
;
param Surrounding:=	64208.1367	;
param Pop_u:=	#Population per urban center u
1	145239.0938
2	98223.7656
3	136692.6094
4	131211.1406
5	150242.6719
6	101968.7500
;
param CR_pm:	1	2	3	:=	#Cost of recycled/reprocessed per unit of product p in manufacturer m
1	82.1356	75.6373	86.6405	 
2	85.7214	84.6333	84.0454	 
3	76.1176	82.8597	84.0121	 
;
param FCH_h:=	#Operating fixed cost for hybrid facility h
1	10477.5303
2	11590.5898
3	9320.9385
4	8977.1016
5	9751.9756
;
param FCM_m:=	#Fixed cost for opening manufacturing plant m
1	46195.6719
2	51587.1680
3	49095.4727
;
param A_pct:=	#Return rate of product p available in retailer c at time period t (rand [0,1])
[1,*,*]:	1	2	3	4	5	:=
1	0.2000	0.2000	0.2000	0.2000	0.2000	 
2	0.2000	0.2000	0.2000	0.2000	0.2000	 
3	0.2000	0.2000	0.2000	0.2000	0.2000	 
4	0.2000	0.2000	0.2000	0.2000	0.2000	 
5	0.2000	0.2000	0.2000	0.2000	0.2000	 
6	0.2000	0.2000	0.2000	0.2000	0.2000	 
7	0.2000	0.2000	0.2000	0.2000	0.2000	 
8	0.2000	0.2000	0.2000	0.2000	0.2000	 
9	0.2000	0.2000	0.2000	0.2000	0.2000	 
10	0.2000	0.2000	0.2000	0.2000	0.2000	 
11	0.2000	0.2000	0.2000	0.2000	0.2000	 
12	0.2000	0.2000	0.2000	0.2000	0.2000	 
13	0.2000	0.2000	0.2000	0.2000	0.2000	 
14	0.2000	0.2000	0.2000	0.2000	0.2000	 
15	0.2000	0.2000	0.2000	0.2000	0.2000	 
16	0.2000	0.2000	0.2000	0.2000	0.2000	 
17	0.2000	0.2000	0.2000	0.2000	0.2000	 
18	0.2000	0.2000	0.2000	0.2000	0.2000	 
19	0.2000	0.2000	0.2000	0.2000	0.2000	 
20	0.2000	0.2000	0.2000	0.2000	0.2000	 
21	0.2000	0.2000	0.2000	0.2000	0.2000	 
22	0.2000	0.2000	0.2000	0.2000	0.2000	 
23	0.2000	0.2000	0.2000	0.2000	0.2000	 
24	0.2000	0.2000	0.2000	0.2000	0.2000	 
25	0.2000	0.2000	0.2000	0.2000	0.2000	 
[2,*,*]:	1	2	3	4	5	:=
1	0.2000	0.2000	0.2000	0.2000	0.2000	 
2	0.2000	0.2000	0.2000	0.2000	0.2000	 
3	0.2000	0.2000	0.2000	0.2000	0.2000	 
4	0.2000	0.2000	0.2000	0.2000	0.2000	 
5	0.2000	0.2000	0.2000	0.2000	0.2000	 
6	0.2000	0.2000	0.2000	0.2000	0.2000	 
7	0.2000	0.2000	0.2000	0.2000	0.2000	 
8	0.2000	0.2000	0.2000	0.2000	0.2000	 
9	0.2000	0.2000	0.2000	0.2000	0.2000	 
10	0.2000	0.2000	0.2000	0.2000	0.2000	 
11	0.2000	0.2000	0.2000	0.2000	0.2000	 
12	0.2000	0.2000	0.2000	0.2000	0.2000	 
13	0.2000	0.2000	0.2000	0.2000	0.2000	 
14	0.2000	0.2000	0.2000	0.2000	0.2000	 
15	0.2000	0.2000	0.2000	0.2000	0.2000	 
16	0.2000	0.2000	0.2000	0.2000	0.2000	 
17	0.2000	0.2000	0.2000	0.2000	0.2000	 
18	0.2000	0.2000	0.2000	0.2000	0.2000	 
19	0.2000	0.2000	0.2000	0.2000	0.2000	 
20	0.2000	0.2000	0.2000	0.2000	0.2000	 
21	0.2000	0.2000	0.2000	0.2000	0.2000	 
22	0.2000	0.2000	0.2000	0.2000	0.2000	 
23	0.2000	0.2000	0.2000	0.2000	0.2000	 
24	0.2000	0.2000	0.2000	0.2000	0.2000	 
25	0.2000	0.2000	0.2000	0.2000	0.2000	 
[3,*,*]:	1	2	3	4	5	:=
1	0.2000	0.2000	0.2000	0.2000	0.2000	 
2	0.2000	0.2000	0.2000	0.2000	0.2000	 
3	0.2000	0.2000	0.2000	0.2000	0.2000	 
4	0.2000	0.2000	0.2000	0.2000	0.2000	 
5	0.2000	0.2000	0.2000	0.2000	0.2000	 
6	0.2000	0.2000	0.2000	0.2000	0.2000	 
7	0.2000	0.2000	0.2000	0.2000	0.2000	 
8	0.2000	0.2000	0.2000	0.2000	0.2000	 
9	0.2000	0.2000	0.2000	0.2000	0.2000	 
10	0.2000	0.2000	0.2000	0.2000	0.2000	 
11	0.2000	0.2000	0.2000	0.2000	0.2000	 
12	0.2000	0.2000	0.2000	0.2000	0.2000	 
13	0.2000	0.2000	0.2000	0.2000	0.2000	 
14	0.2000	0.2000	0.2000	0.2000	0.2000	 
15	0.2000	0.2000	0.2000	0.2000	0.2000	 
16	0.2000	0.2000	0.2000	0.2000	0.2000	 
17	0.2000	0.2000	0.2000	0.2000	0.2000	 
18	0.2000	0.2000	0.2000	0.2000	0.2000	 
19	0.2000	0.2000	0.2000	0.2000	0.2000	 
20	0.2000	0.2000	0.2000	0.2000	0.2000	 
21	0.2000	0.2000	0.2000	0.2000	0.2000	 
22	0.2000	0.2000	0.2000	0.2000	0.2000	 
23	0.2000	0.2000	0.2000	0.2000	0.2000	 
24	0.2000	0.2000	0.2000	0.2000	0.2000	 
25	0.2000	0.2000	0.2000	0.2000	0.2000	 
;
param SL:=	1.64	;	 
param SDS_p:=	#Sales standar deviation of product p 
1	 58.0040
2	 58.6235
3	 58.4207
;
param L_p:=	#Average lead time for product p at retailers (Lead time = Order to ship time + Transit lead time) - 4months
1	  3.2282
2	  3.0234
3	  3.5943
;
param CM_pm:=	#manufacturing capacity limit
1	186820.0000
2	186820.0000
3	186820.0000
;
param Mbig:=	 186820.0000;
param CO_vk:1	2	3:=	#Cost of CO2 emission per vehicle type v with size k
1	0.0003	0.001	0.002	#Electric Vehicle
2	0.001	0.003	0.006;	#Internal combustion

param VC_vk:1	2	3:= #Cost per vehicle type v with size k
1	100	200	1000	#Electric Vehicle
2	50	100	500	; 	#Internal combustion

param VQ_vk:1	2	3:=	#Capacity per vehicle type v with size k
1	10	20	50	#Electric Vehicle
2	10	20	50	; 	#Internal combustion

